0 772090 780754 241503 413753 626147 436455 458595 395883 731956 358049 665714 323595 392444 589872 750772 478513
0 1082137 1646851 1120175 612212 85708 300386 795141 1191801 139328 10053 439100 1168988 325985 27973 754151 1468224
1795386 6103108 5753294 4411797 1862926 3181076 4290988 2636086 2374787 3566805 3926399 3225340 7027108 4668504 5694953 1844173 5993208
7548237 0 11700607 10505468 5789941 3040735 8938609 7218459 8352418 8827074 3255068 4583546 12540520 10632547 1592388 7083886 11545896
4152372 11700607 0 1800259 6042464 8916126 3986679 6508728 4242142 3288412 9644041 8719121 2176703 1084790 10959448 4674575 1661788
3147509 10505468 1800259 0 5174862 7582615 4188263 4759199 2533941 3160479 8161041 7131018 3867091 1111148 9956888 3838662 3079951
2028119 5789941 6042464 5174862 0 3470570 3283224 4496056 3853677 3037331 4633801 4437693 6751535 5021809 4920146 1373810 5756556
4818367 3040735 8916126 7582615 3470570 0 6747946 4245670 5332498 6360006 1316702 2004344 10023282 7832750 3158306 4518674 8996627
2698168 8938609 3986679 4188263 3283224 6747946 0 6498270 4698672 1111288 7863008 7453139 3805580 3362515 7840717 2449920 2967354
3802135 7218459 6508728 4759199 4496056 4245670 6498270 0 2277673 5539000 4149641 2836372 8318776 5533508 7351432 4227951 7342978
2238488 8352418 4242142 2533941 3853677 5332498 4698672 2277673 0 3625828 5734606 4629017 6052381 3255835 8057223 2928273 5092515
1814677 8827074 3288412 3160479 3037331 6360006 1111288 5539000 3625828 0 7362720 6790329 3714517 2471959 7891820 1846258 2723046
5692437 3255068 9644041 8161041 4633801 1316702 7863008 4149641 5734606 7362720 0 1356870 10939984 8562290 3934064 5521383 9906258
5013813 4583546 8719121 7131018 4437693 2004344 7453139 2836372 4629017 6790329 1356870 0 10196928 7654068 5081670 5014705 9167028
5247568 12540520 2176703 3867091 6751535 10023282 3805580 8318776 6052381 3714517 10939984 10196928 0 2844735 11563996 5515669 1034024
3087899 10632547 1084790 1111148 5021809 7832750 3362515 5533508 3255835 2471959 8562290 7654068 2844735 0 9925521 3648210 1987527
6859265 1592388 10959448 9956888 4920146 3158306 7840717 7351432 8057223 7891820 3934064 5081670 11563996 9925521 0 6284894 10606513
752239 7083886 4674575 3838662 1373810 4518674 2449920 4227951 2928273 1846258 5521383 5014705 5515669 3648210 6284894 0 4497003
4213943 11545896 1661788 3079951 5756556 8996627 2967354 7342978 5092515 2723046 9906258 9167028 1034024 1987527 10606513 4497003 0
