0 238739 772090 788194 70375 380086 513938 11962 462260 241503 413753 626147 458595 487896 565499 322836 626439 102369 312322 358049 649369 667214 752156 740245 665714 443579 264640 323595 589872
0 703948 1082137 1361940 1406618 1157170 1342112 1383611 471055 1120175 612212 85708 795141 1488200 1466719 1541331 773681 1363324 1102782 10053 1057476 315795 1204062 1453084 439100 623185 367892 1168988 27973
2238488 7835750 8352418 6352976 6914173 9661181 7988912 7682040 6659848 2533941 3853677 5332498 2277673 7088197 7518035 6929627 4774289 7105777 9283981 5734606 5746964 7056048 6756344 8994452 4629017 8734527 7090557 6052381 8057223
5653628 0 6942442 1533560 1079156 2340475 2888048 2849287 1175943 8368209 4177445 6354587 8664967 4383112 5507734 1196323 5125111 1503398 1693322 7667349 4713090 3471121 3852468 1908752 8040716 902890 5597343 8054651 5403429
7548237 6942442 0 6197585 7168327 9121404 9571550 9417577 6594400 10505468 5789941 3040735 7218459 2600039 1461894 5945309 3791629 7892716 8396546 3255068 3102884 9641400 3194042 8825908 4583546 7239127 1571173 12540520 1592388
4217187 1533560 6197585 0 1037630 3743250 3403365 3228107 467008 7095802 2644352 5072812 7132056 3606798 4736730 667155 3759354 1726941 3172957 6387412 3536949 3477923 3004342 3186854 6627119 2405100 4705798 7358599 4798965
4697171 1079156 7168327 1037630 0 2848529 2403349 2258649 584999 7314476 3442589 6104265 7924614 4568465 5706879 1260586 4777074 726772 2379387 7417170 4573699 2659905 3978759 2237779 7613667 1940992 5705790 7020756 5718690
7423390 2340475 9121404 3743250 2848529 0 2410941 2623559 3295597 9707783 6290556 8694648 10771372 6631529 7726626 3532446 7451097 2556223 726949 10007775 7051493 3534616 6138185 676631 10353865 1885215 7863416 8443446 7543094
5798334 2888048 9571550 3403365 2403349 2410941 0 307373 2981155 7606318 5267348 8354827 9474411 6971583 8110196 3641278 6984717 1681449 2608129 9648400 6912541 1162164 6381813 1865512 9675506 3217895 8103999 6035366 8110895
5493441 2849287 9417577 3228107 2258649 2623559 307373 0 2823986 7310262 4996691 8126118 9177288 6819660 7955691 3513622 6750793 1532084 2752832 9413755 6710166 911965 6224034 2038156 9415062 3262085 7933890 5824106 7977337
4482754 1175943 6594400 467008 584999 3295597 2981155 2823986 0 7259194 3035407 5538900 7531372 3995789 5132535 760404 4226091 1299818 2749144 6853819 3992863 3152336 3401988 2726742 7089024 2075828 5123854 7273886 5160788
3147509 8368209 10505468 7095802 7314476 9707783 7606318 7310262 7259194 0 5174862 7582615 4759199 8844106 9484756 7751977 6748808 7250859 9507245 8161041 7623918 6494214 8398337 9034581 7131018 9253801 9106360 3867091 9956888
2028119 4177445 5789941 2644352 3442589 6290556 5267348 4996691 3035407 5174862 0 3470570 4496056 3730885 4537390 3142136 2142973 3878405 5781319 4633801 2694319 4761011 3241293 5675052 4437693 5044140 4247249 6751535 4920146
4818367 6354587 3040735 5072812 6104265 8694648 8354827 8126118 5538900 7582615 3470570 0 4245670 2766763 2540293 5163321 1386454 6744969 8033955 1316702 1689985 8072732 2897768 8210337 2004344 6987340 2060339 10023282 3158306
3802135 8664967 7218459 7132056 7924614 10771372 9474411 9177288 7531372 4759199 4496056 4245670 0 6665559 6746772 7578417 4314957 8293364 10276776 4149641 5293012 8698439 6520716 10141039 2836372 9515586 6272973 8318776 7351432
5714657 4383112 2600039 3606798 4568465 6631529 6971583 6819660 3995789 8844106 3730885 2766763 6665559 0 1139788 3348511 2382211 5293247 5916214 3871084 1382510 7070062 610392 6285109 4770097 4774274 1236568 10320260 1253790
6420624 5507734 1461894 4736730 5706879 7726626 8110196 7955691 5132535 9484756 4537390 2540293 6746772 1139788 0 4488005 2758363 6431004 7005930 3332395 1871808 8187406 1732556 7402893 4462792 5854330 480033 11248830 620311
4833256 1196323 5945309 667155 1260586 3532446 3641278 3513622 760404 7751977 3142136 5163321 7578417 3348511 4488005 0 3929466 1983005 2888313 6477750 3536268 3900218 2776788 3059652 6847723 1952167 4522765 7988476 4469617
3757188 5125111 3791629 3759354 4777074 7451097 6984717 6750793 4226091 6748808 2142973 1386454 4314957 2382211 2758363 3929466 0 5394969 6817774 2663686 1000645 6686286 2207786 6933176 2926554 5828354 2359454 8835024 3283303
4867612 1503398 7892716 1726941 726772 2556223 1681449 1532084 1299818 7250859 3878405 6744969 8293364 5293247 6431004 1983005 5394969 0 2258360 8051310 5254768 1994625 4701353 1889027 8177339 2193522 6422731 6586814 6445358
7056770 1693322 8396546 3172957 2379387 726949 2608129 2752832 2749144 9507245 5781319 8033955 10276776 5916214 7005930 2888313 6817774 2258360 0 9343133 6376860 3630117 5432062 769163 9734002 1158580 7149973 8540088 6817045
5692437 7667349 3255068 6387412 7417170 10007775 9648400 9413755 6853819 8161041 4633801 1316702 4149641 3871084 3332395 6477750 2663686 8051310 9343133 0 2975379 9324681 4109194 9526734 1356870 8285783 2885617 10939984 3934064
4548847 4713090 3102884 3536949 4573699 7051493 6912541 6710166 3992863 7623918 2694319 1689985 5293012 1382510 1871808 3536268 1000645 5254768 6376860 2975379 0 6781161 1280709 6595870 3603753 5310674 1553078 9439924 2338008
4933611 3471121 9641400 3477923 2659905 3534616 1162164 911965 3152336 6494214 4761011 8072732 8698439 7070062 8187406 3900218 6686286 1994625 3630117 9324681 6781161 0 6462026 2937701 9195524 4018017 8112869 4919926 8275628
5254401 3852468 3194042 3004342 3978759 6138185 6381813 6224034 3401988 8398337 3241293 2897768 6520716 610392 1732556 2776788 2207786 4701353 5432062 4109194 1280709 6462026 0 5760741 4864358 4308149 1749106 9749525 1854473
6756099 1908752 8825908 3186854 2237779 676631 1865512 2038156 2726742 9034581 5675052 8210337 10141039 6285109 7402893 3059652 6933176 1889027 769163 9526734 6595870 2937701 5760741 0 9813936 1713117 7504052 7857604 7267961
5013813 8040716 4583546 6627119 7613667 10353865 9675506 9415062 7089024 7131018 4437693 2004344 2836372 4770097 4462792 6847723 2926554 8177339 9734002 1356870 3603753 9195524 4864358 9813936 0 8754886 3988971 10196928 5081670
6556259 902890 7239127 2405100 1940992 1885215 3217895 3262085 2075828 9253801 5044140 6987340 9515586 4774274 5854330 1952167 5828354 2193522 1158580 8285783 5310674 4018017 4308149 1713117 8754886 0 6010158 8774990 5658618
6074533 5597343 1571173 4705798 5705790 7863416 8103999 7933890 5123854 9106360 4247249 2060339 6272973 1236568 480033 4522765 2359454 6422731 7149973 2885617 1553078 8112869 1749106 7504052 3988971 6010158 0 10989407 1099486
5247568 8054651 12540520 7358599 7020756 8443446 6035366 5824106 7273886 3867091 6751535 10023282 8318776 10320260 11248830 7988476 8835024 6586814 8540088 10939984 9439924 4919926 9749525 7857604 10196928 8774990 10989407 0 11563996
6859265 5403429 1592388 4798965 5718690 7543094 8110895 7977337 5160788 9956888 4920146 3158306 7351432 1253790 620311 4469617 3283303 6445358 6817045 3934064 2338008 8275628 1854473 7267961 5081670 5658618 1099486 11563996 0
