0 534783 339163 369195 376246 17186 359983 96929 453975 743872 285454 682017 301365 120156 337709 777223 584481 701766 167653 546987 778256 526382 315453
0 429711 551100 31855 38854 889273 1596622 49147 957516 449874 845471 369657 1320909 296022 1793680 1361782 25356 316880 1779306 381653 584147 1695419 59627
2336581 2149527 6745704 1903288 1242485 7106472 7585244 4430540 1492452 5178362 1603025 5407702 6470038 7207236 9577941 6826269 5479862 8468809 7174648 6003981 8863275 7336137 4550380
1225049 0 8765510 563445 1128307 9232970 9643960 6359819 3004297 7078460 1706643 5585670 6688631 9354689 11140687 8927616 7510344 9832094 7660206 7994400 10705615 8387660 5265846
9063585 8765510 0 8632543 7652508 1649553 977937 2463117 5836001 5760898 7337026 10520531 11240308 2472089 9705421 1067980 1266449 9766950 11273446 806626 7716555 10029440 9110447
757642 563445 8632543 0 1201609 9004457 9483808 6272931 3007690 6616632 1926879 5049520 6154500 9080114 10605257 8729508 7368821 9280641 7109712 7878768 10217491 7825058 4702762
1917327 1128307 7652508 1201609 0 8173743 8541268 5236248 1876687 6407627 770843 5894232 6995057 8337090 10725564 7847122 6402230 9541533 7843875 6876449 10086708 8273574 5294472
9316860 9232970 1649553 9004457 8173743 0 1286893 3437525 6504599 4809184 8002770 10056474 10645096 843517 8275165 598252 2153166 8518438 10510164 2146081 6199866 9030226 8605435
9879848 9643960 977937 9483808 8541268 1286893 0 3410653 6752112 5991430 8258725 11049119 11703223 2097596 9559729 983578 2145021 9794462 11642075 1776176 7469457 10245853 9613645
6767083 6359819 2463117 6272931 5236248 3437525 3410653 0 3390319 5184245 4882287 8865090 9729106 3956308 9782618 2939751 1313165 9406183 9995648 1662503 8151945 9178122 7561743
3622336 3004297 5836001 3007690 1876687 6504599 6752112 3390319 0 5706438 1508774 6868886 7913906 6772429 10357865 6123686 4607246 9427770 8553809 5046342 9351141 8503527 5919997
6538363 7078460 5760898 6616632 6407627 4809184 5991430 5184245 5706438 0 6716979 5579539 5980648 4275263 4749938 5013864 4975228 4222383 5721552 5535546 3688693 4271149 4145907
2667028 1706643 7337026 1926879 770843 8002770 8258725 4882287 1508774 6716979 0 6639550 7736636 8242069 11177589 7630386 6114328 10067817 8556424 6543074 10405326 8886946 5978256
4378554 5585670 10520531 5049520 5894232 10056474 11049119 8865090 6868886 5579539 6639550 0 1106121 9694502 7278222 10084839 9387737 5598155 2156040 10002410 7939322 3676379 1456712
5477782 6688631 11240308 6154500 6995057 10645096 11703223 9729106 7913906 5980648 7736636 1106121 0 10212921 6890037 10726249 10156012 5165742 1221481 10771281 7851613 3194518 2167805
9327939 9354689 2472089 9080114 8337090 843517 2097596 3956308 6772429 4275263 8242069 9694502 10212921 0 7472044 1404271 2757176 7788223 9996390 2876886 5371943 8412344 8237807
10284495 11140687 9705421 10605257 10725564 8275165 9559729 9782618 10357865 4749938 11177589 7278222 6890037 7472044 0 8719027 9282218 1728649 5856361 9742647 2234360 3696230 6428828
9082704 8927616 1067980 8729508 7847122 598252 983578 2939751 6123686 5013864 7630386 10084839 10726249 1404271 8719027 0 1630989 8873691 10658519 1557109 6688235 9274379 8645006
7797207 7510344 1266449 7368821 6402230 2153166 2145021 1313165 4607246 4975228 6114328 9387737 10156012 2757176 9282218 1630989 0 9133849 10270449 615497 7459881 9184652 8004017
8886875 9832094 9766950 9280641 9541533 8518438 9794462 9406183 9427770 4222383 10067817 5598155 5165742 7788223 1728649 8873691 9133849 0 4129777 9660841 3276118 1971333 4866833
6477261 7660206 11273446 7109712 7843875 10510164 11642075 9995648 8553809 5721552 8556424 2156040 1221481 9996390 5856361 10658519 10270449 4129777 0 10879662 7043392 2199557 2633857
8332644 7994400 806626 7878768 6876449 2146081 1776176 1662503 5046342 5535546 6543074 10002410 10771281 2876886 9742647 1557109 615497 9660841 10879662 0 7855947 9766197 8619514
10050919 10705615 7716555 10217491 10086708 6199866 7469457 8151945 9351141 3688693 10405326 7939322 7851613 5371943 2234360 6688235 7459881 3276118 7043392 7855947 0 4877586 6770561
7336780 8387660 10029440 7825058 8273574 9030226 10245853 9178122 8503527 4271149 8886946 3676379 3194518 8412344 3696230 9274379 9184652 1971333 2199557 9766197 4877586 0 3174504
4173662 5265846 9110447 4702762 5294472 8605435 9613645 7561743 5919997 4145907 5978256 1456712 2167805 8237807 6428828 8645006 8004017 4866833 2633857 8619514 6770561 3174504 0
