0 48937 233445 529521 642432 319110 530053 544675 286888 590736 334795 13077 38819 200428 348035 44694 546717 757872 242246 50994 563697 559081 686913 431264 308868 294080 33564
0 1369746 1162930 102674 1713645 237450 185039 1207240 1180811 1242024 320401 1088743 516792 1635815 521520 251846 767477 853528 442310 552637 443357 1457242 397942 253084 1348228 453726 478667
1117829 4493776 6622806 1693076 6963122 3276966 3332792 5328906 5644708 3790281 3639277 3921820 6373925 3910483 492439 4771749 7112691 3572383 6975342 5899096 5015929 4344658 3146485 6442064 6905234 4366653 6623937
5059887 0 10408009 4438743 10168494 2197978 7062082 8524485 2191109 7935195 883278 8358026 2093528 674553 4745992 1032705 10723448 1685205 10497718 8151386 6207589 7475086 6540586 3476800 10302156 8572951 3898577
5616320 10408009 0 5982331 1731008 8352897 7600268 2254227 10456650 2927107 9545825 3686768 11690982 10017402 6757198 10175195 710774 8869622 877946 3887303 5709352 8890248 8047126 10503513 1211608 2549399 10383540
1049383 4438743 5982331 0 5924952 2534049 4914700 4248673 4900812 3561705 3568060 4252825 5932319 4035926 2171776 4334425 6337548 3005721 6135594 4426642 3329225 6007643 4807209 5410218 5981042 4210555 5494269
5862553 10168494 1731008 5924952 0 8004574 8597989 1676456 9857853 3767400 9352689 4881821 11178959 9876736 7208575 9770611 1242758 8531532 920849 2589069 4696625 9917226 8947877 9702432 530959 3658500 9515598
3403901 2197978 8352897 2534049 8004574 0 6464276 6380382 2413902 6091983 1505396 6745853 3402110 2085635 3694397 1826982 8619811 526962 8378679 5954158 4054373 7237552 6113458 3177146 8163264 6741512 3398112
3970675 7062082 7600268 4914700 8597989 6464276 0 7247489 8685580 4832363 6357752 3936046 9132367 6391865 2849413 7646662 8260685 6647870 8256255 8412123 8082894 1321393 684040 9632841 8344610 5059653 9860964
4218124 8524485 2254227 4248673 1676456 6380382 7247489 0 8337232 2560518 7697783 3865544 9622937 8214671 5603171 8170308 2302108 6906636 2024802 1817329 3455458 8566556 7526332 8298222 1783187 2717678 8158205
5813706 2191109 10456650 4900812 9857853 2413902 8685580 8337232 0 8418716 2463600 9143868 1402586 2732023 6027560 1194091 10633787 2073960 10361979 7510319 5355321 9301074 8255595 1295205 10098420 9067309 1738355
2904018 7935195 2927107 3561705 3767400 6091983 4832363 2560518 8418716 0 7052598 1349147 9493043 7457778 3867401 7895640 3516752 6567271 3464352 4124644 4855705 6150494 5206761 8766868 3520166 649755 8763054
4177008 883278 9545825 3568060 9352689 1505396 6357752 7697783 2463600 7052598 0 7481904 2791999 580478 3917888 1313586 9874947 1075112 9655494 7415269 5558303 6876657 5876503 3646359 9469685 7689910 4010095
3353309 8358026 3686768 4252825 4881821 6745853 3936046 3865544 9143868 1349147 7481904 0 10095583 7809165 3826568 8476740 4367916 7172682 4401811 5473310 6106375 5209754 4431893 9640004 4546967 1223488 9687259
6742742 2093528 11690982 5932319 11178959 3402110 9132367 9622937 1402586 9493043 2791999 10095583 0 2767105 6688488 1619574 11906577 2932353 11645270 8879336 6739624 9568605 8625439 2355521 11396929 10142339 2818655
4559754 674553 10017402 4035926 9876736 2085635 6391865 8214671 2732023 7457778 580478 7809165 2767105 0 4131721 1537935 10366837 1647607 10155100 7978838 6137439 6802102 5866721 3982973 9979564 8087093 4378159
1469923 4745992 6757198 2171776 7208575 3694397 2849413 5603171 6027560 3867401 3917888 3826568 6688488 4131721 0 5105182 7280728 3954332 7163294 6281054 5482723 3852815 2654245 6869645 7118180 4403925 7066138
5124424 1032705 10175195 4334425 9770611 1826982 7646662 8170308 1194091 7895640 1313586 8476740 1619574 1537935 5105182 0 10428303 1329067 10180309 7596737 5545310 8189776 7180516 2457650 9952844 8543937 2870501
6068932 10723448 710774 6337548 1242758 8619811 8260685 2302108 10633787 3516752 9874947 4367916 11906577 10366837 7280728 10428303 0 9142843 334579 3697343 5680394 9558561 8689207 10594943 726564 3201039 10444783
3819989 1685205 8869622 3005721 8531532 526962 6647870 6906636 2073960 6567271 1075112 7172682 2932353 1647607 3954332 1329067 9142843 0 8903234 6467947 4533859 7340533 6251899 3007377 8689379 7215826 3290550
5914169 10497718 877946 6135594 920849 8378679 8256255 2024802 10361979 3464352 9655494 4401811 11645270 10155100 7163294 10180309 334579 8903234 0 3366892 5367407 9562554 8663394 10301144 395429 3206819 10144432
4811212 8151386 3887303 4426642 2589069 5954158 8412123 1817329 7510319 4124644 7415269 5473310 8879336 7978838 6281054 7596737 3697343 6467947 3366892 0 2185281 9699783 8573124 7217732 3000028 4423084 6997067
4125630 6207589 5709352 3329225 4696625 4054373 8082894 3455458 5355321 4855705 5558303 6106375 6739624 6137439 5482723 5545310 5680394 4533859 5367407 2185281 0 9260766 8067742 5033965 5038363 5369746 4824380
5135742 7475086 8890248 6007643 9917226 7237552 1321393 8566556 9301074 6150494 6876657 5209754 9568605 6802102 3852815 8189776 9558561 7340533 9562554 9699783 9260766 0 1200498 10347698 9658272 6359604 10618730
3945477 6540586 8047126 4807209 8947877 6113458 684040 7526332 8255595 5206761 5876503 4431893 8625439 5866721 2654245 7180516 8689207 6251899 8663394 8573124 8067742 1200498 0 9255547 8726217 5497730 9507937
6410699 3476800 10503513 5410218 9702432 3177146 9632841 8298222 1295205 8766868 3646359 9640004 2355521 3982973 6869645 2457650 10594943 3007377 10301144 7217732 5033965 10347698 9255547 0 10002381 9403649 467695
5824704 10302156 1211608 5981042 530959 8163264 8344610 1783187 10098420 3520166 9469685 4546967 11396929 9979564 7118180 9952844 726564 8689379 395429 3000028 5038363 9658272 8726217 10002381 0 3332138 9834670
3527990 8572951 2549399 4210555 3658500 6741512 5059653 2717678 9067309 649755 7689910 1223488 10142339 8087093 4403925 8543937 3201039 7215826 3206819 4423084 5369746 6359604 5497730 9403649 3332138 0 9392336
6516182 3898577 10383540 5494269 9515598 3398112 9860964 8158205 1738355 8763054 4010095 9687259 2818655 4378159 7066138 2870501 10444783 3290550 10144432 6997067 4824380 10618730 9507937 467695 9834670 9392336 0
