0 585669 613087 765576 563276 116992 511112 439229 240139 199636 467554 285260 383625 401546 48715 733957 503274 784687 80531 268809 552458 727722 142643 65154 772605 548575 798514
0 63133 1297790 483971 1049329 1533492 425390 1296604 84903 926110 1283379 31567 1041512 712033 176804 959218 607394 1635557 350999 1686351 1599929 910872 615312 73132 1004547 685998 774424
1977494 9112741 7745286 9842049 7988151 7363986 8131867 6994655 2973883 4826030 5959693 7956443 7324119 9991734 3249048 5283743 4106212 6802507 5697720 9528598 6854553 6817876 5466682 3543528 9361121 8209363 8038998
9487030 0 2138906 797252 2007588 8750205 3942377 3637446 10535086 10907873 3200271 1266835 5284812 8820583 8048535 4806791 5145844 7129094 3735552 7245277 4975480 2321470 9401431 11118616 266148 2074050 3994043
7777980 2138906 0 2528713 3067988 6617425 2025642 4196839 8738343 8911314 2558009 1082056 3186083 6899277 6160718 4603998 4247202 4993688 3374517 5390143 2841763 1439323 7309333 9288392 2259377 491219 2045566
10136622 797252 2528713 0 2747789 9009655 4049841 4396634 11156435 11428627 3969966 1900439 5502255 8821621 8626394 5603654 5916504 7408831 4528915 7219424 5267800 3025386 9834430 11727580 531834 2311362 4118330
8743664 2007588 3067988 2747789 0 9283960 5091913 1655050 9884664 10619804 2193060 2035727 6090320 9928753 7640715 3077834 3881941 7674997 2292744 8448944 5630907 2117457 9434682 10505302 2243733 3316285 5106961
5776862 8750205 6617425 9009655 9283960 0 5031347 9653874 5787699 4405608 7481306 7634159 3512517 2909369 4119346 8857500 7395228 1627290 8075409 3336402 3775728 7166506 2355586 5923957 8844798 6713369 4946111
7657155 3942377 2025642 4049841 5091913 5031347 0 6117993 8412066 8124000 4196298 3094549 1547417 4900629 5790543 6211244 5431654 3494028 5025908 3367628 1565464 3256078 6244790 8875498 3976725 1884912 104959
8065368 3637446 4196839 4396634 1655050 9653874 6117993 0 9251850 10275077 2179610 3348569 6814767 10732869 7302768 1737011 3041199 8117629 1651177 9363766 6280371 2864390 9393849 9888042 3883712 4562408 6108457
1198348 10535086 8738343 11156435 9884664 5787699 8412066 9251850 0 2024004 7699603 9279325 7166384 8679872 2629945 7675258 6210651 5902279 7721026 8697786 6884264 8241237 3472765 638230 10749733 9123562 8307894
2854468 10907873 8911314 11428627 10619804 4405608 8124000 10275077 2024004 0 8443113 9643767 6682236 7292402 2988512 8863752 7302927 5024680 8652165 7629871 6560451 8736910 2106298 1794087 11090024 9218833 8019820
6569837 3200271 2558009 3969966 2193060 7481306 4196298 2179610 7699603 8443113 0 2202628 4689469 8605180 5458137 2054869 1946692 5938172 834919 7294441 4136825 1144262 7354491 8317357 3459720 3027237 4166199
8244376 1266835 1082056 1900439 2035727 7634159 3094549 3348569 9279325 9643767 2202628 0 4249926 7979883 6782427 4092583 4116515 6006898 2901315 6462169 3870116 1144897 8165856 9858956 1470560 1280583 3120435
6543363 5284812 3186083 5502255 6090320 3512517 1547417 6814767 7166384 6682236 4689469 4249926 0 3919140 4606555 6512170 5401196 1948133 5451586 2661120 587908 4032988 4738902 7578589 5360633 3222084 1453942
8574149 8820583 6899277 8821621 9928753 2909369 4900629 10732869 8679872 7292402 8605180 7979883 3919140 0 6770040 10367472 9122061 3241754 9353166 1613391 4469906 7926938 5264887 8832627 8829008 6784022 4864665
1952216 8048535 6160718 8626394 7640715 4119346 5790543 7302768 2629945 2988512 5458137 6782427 4606555 6770040 0 5959153 4380286 3649627 5670679 6449746 4280542 5811963 2471162 3139002 8248237 6526259 5686815
6478340 4806791 4603998 5603654 3077834 8857500 6211244 1737011 7675258 8863752 2054869 4092583 6512170 10367472 5959153 0 1581592 7446949 1229569 9166387 5931921 3169778 8230960 8313484 5071820 5062926 6172903
5025083 5145844 4247202 5916504 3881941 7395228 5431654 3041199 6210651 7302927 1946692 4116515 5401196 9122061 4380286 1581592 0 6066486 1593334 8052568 4813714 2991184 6657049 6846908 5406017 4738182 5371408
5556627 7129094 4993688 7408831 7674997 1627290 3494028 8117629 5902279 5024680 5938172 6006898 1948133 3241754 3649627 7446949 6066486 0 6578857 2816685 2153800 5558651 2960454 6201182 7228890 5104087 3401759
6552219 3735552 3374517 4528915 2292744 8075409 5025908 1651177 7721026 8652165 834919 2901315 5451586 9353166 5670679 1229569 1593334 6578857 0 8080476 4885541 1940669 7743308 8352104 4001409 3833906 4993551
8370823 7245277 5390143 7219424 8448944 3336402 3367628 9363766 8697786 7629871 7294441 6462169 2661120 1613391 6449746 9166387 8052568 2816685 8080476 0 3247893 6515453 5524162 8961092 7242977 5234860 3344651
6187464 4975480 2841763 5267800 5630907 3775728 1565464 6280371 6884264 6560451 4136825 3870116 587908 4469906 4280542 5931921 4813714 2153800 4885541 3247893 0 3542340 4712262 7330698 5075930 2957757 1460836
7174970 2321470 1439323 3025386 2117457 7166506 3256078 2864390 8241237 8736910 1144262 1144897 4032988 7926938 5811963 3169778 2991184 5558651 1940669 6515453 3542340 0 7403712 8834688 2557802 1893238 3244538
3656030 9401431 7309333 9834430 9434682 2355586 6244790 9393849 3472765 2106298 7354491 8165856 4738902 5264887 2471162 8230960 6657049 2960454 7743308 5524162 4712262 7403712 0 3571057 9554110 7551067 6143277
1836083 11118616 9288392 11727580 10505302 5923957 8875498 9888042 638230 1794087 8317357 9858956 7578589 8832627 3139002 8313484 6846908 6201182 8352104 8961092 7330698 8834688 3571057 0 11329417 9662325 8770806
9710476 266148 2259377 531834 2243733 8844798 3976725 3883712 10749733 11090024 3459720 1470560 5360633 8829008 8248237 5071820 5406017 7228890 4001409 7242977 5075930 2557802 9554110 11329417 0 2138631 4034314
8188189 2074050 491219 2311362 3316285 6713369 1884912 4562408 9123562 9218833 3027237 1280583 3222084 6784022 6526259 5062926 4738182 5104087 3833906 5234860 2957757 1893238 7551067 9662325 2138631 0 1928875
7555190 3994043 2045566 4118330 5106961 4946111 104959 6108457 8307894 8019820 4166199 3120435 1453942 4864665 5686815 6172903 5371408 3401759 4993551 3344651 1460836 3244538 6143277 8770806 4034314 1928875 0
