0 272126 179574 747977 4254 319 125802 454473 310023 34059 687025 658572 282922 370957 284637 132861 324670 775916
0 406527 58992 450450 383297 1351535 542690 475916 550934 415491 164749 1467237 767292 388390 1169676 1244871 1184178 370701
753839 4480380 7099344 6576254 3186634 4411902 7895222 8828936 9084857 1737747 2414019 10474179 4316161 6918072 8286642 4793444 6304334 8112781
5232102 0 6649909 2148013 4769455 8202300 9317064 8462180 8571291 2781217 2680803 8729842 4844544 5003885 8903012 665255 1825888 10143426
7494037 6649909 0 6920599 3986173 6880991 3701226 1855742 2041824 6861711 5322875 3721225 2785509 2369841 2564130 7304253 7205575 5031647
7330082 2148013 6920599 0 6241866 9984715 10150945 8549493 8573760 4912729 4508892 8051392 5923110 4763990 9417867 2146850 531166 11177573
3514631 4769455 3986173 6241866 0 3931037 4984172 5656435 5923194 3474910 2246954 7548715 1242610 4393441 5148346 5377673 6225875 5533832
3970491 8202300 6880991 9984715 3931037 0 5405310 7958817 8294650 5907421 5532750 10588486 4865851 8096948 6558138 8700045 9879760 4893395
7945211 9317064 3701226 10150945 4984172 5405310 0 3467188 3791313 8458896 7150755 6509463 4484353 6015158 1585398 9976474 10329483 1406009
9163166 8462180 1855742 8549493 5656435 7958817 3467188 0 343989 8696771 7163363 3043350 4530253 3802127 1892934 9109234 8880971 4864277
9435299 8571291 2041824 8573760 5923194 8294650 3791313 343989 0 8903232 7364700 2728937 4774864 3811070 2210142 9212177 8921263 5183314
2475623 2781217 6861711 4912729 3474910 5907421 8458896 8696771 8903232 0 1543302 9857117 4253816 6110019 8530653 3057757 4605803 8936430
3111579 2680803 5322875 4508892 2246954 5532750 7150755 7163363 7364700 1543302 0 8351039 2783870 4647484 7083606 3226463 4358998 7776218
10968594 8729842 3721225 8051392 7548715 10588486 6509463 3043350 2728937 9857117 8351039 0 6306418 3797629 4935492 9287212 8506893 7907624
4715527 4844544 2785509 5923110 1242610 4865851 4484353 4530253 4774864 4253816 2783870 6306418 0 3253354 4299819 5499726 6012563 5320662
7498722 5003885 2369841 4763990 4393441 8096948 6015158 3802127 3811070 6110019 4647484 3797629 3253354 0 4929819 5600507 5124401 7283281
8475199 8903012 2564130 9417867 5148346 6558138 1585398 1892934 2210142 8530653 7083606 4935492 4299819 4929819 0 9567971 9666403 2973215
5533257 665255 7304253 2146850 5377673 8700045 9976474 9109234 9212177 3057757 3226463 9287212 5499726 5600507 9567971 0 1701724 10788571
7056742 1825888 7205575 531166 6225875 9879760 10329483 8880971 8921263 4605803 4358998 8506893 6012563 5124401 9666403 1701724 0 11309498
8031016 10143426 5031647 11177573 5533832 4893395 1406009 4864277 5183314 8936430 7776218 7907624 5320662 7283281 2973215 10788571 11309498 0
