0 106010 287311 107135 29577 261982 280673 504147 177063 307673 410012 757957 165337 798640 281493 792516 318182 45449
0 257634 335380 98990 108541 105344 638555 278800 223837 1638251 1099369 1646913 965656 635192 1224996 563283 265229 710962
2264107 3256643 4443572 1756559 5242641 5936638 4361887 5151092 4664743 2517614 6280087 4080196 4415645 1650926 2448181 4212252 2906766 6008952
4461850 0 7629269 4991739 7897774 7447952 7581885 8019083 7805959 3031841 9426755 7335090 7460512 1944956 5249360 6768419 6049454 8357701
3761247 7629269 0 2984308 2538967 5336317 347169 4230807 2797081 5559638 1852308 1400358 3251526 5759993 2656744 4732549 1587516 3711092
2733578 4991739 2984308 0 4496154 6093574 2820004 3632302 2941075 3876806 4829215 2358062 2772320 3373267 2117864 3063566 1729814 5498216
3438572 7897774 2538967 4496154 0 3054098 2878878 6723136 5314856 5132717 2808984 3880648 5714715 5962021 2797057 7013191 2790980 1173938
3674851 7447952 5336317 6093574 3054098 0 5634717 9176875 7893574 4425649 5857235 6473716 8151232 5793961 3976416 9078840 4812103 2263189
3864674 7581885 347169 2820004 2878878 5634717 0 3883750 2450226 5632954 2022147 1057883 2906626 5743235 2752241 4407176 1600527 4052112
6280043 8019083 4230807 3632302 6723136 9176875 3883750 0 1450589 7497519 5312774 2845108 1027380 6788099 5408196 1506846 4373895 7893502
5306518 7805959 2797081 2941075 5314856 7893574 2450226 1450589 0 6751727 3899663 1442637 636492 6305303 4318278 2379965 3171730 6488460
1831977 3031841 5559638 3876806 5132717 4425649 5632954 7497519 6751727 0 7154071 5786613 6645587 1485129 2905835 6699149 4042861 5422014
5322167 9426755 1852308 4829215 2808984 5857235 2022147 5312774 3899663 7154071 0 2865178 4493227 7525510 4282439 6171534 3384770 3743537
4162395 7335090 1400358 2358062 3880648 6473716 1057883 2845108 1442637 5786613 2865178 0 1852656 5621148 3092807 3371727 1879905 5052928
5328193 7460512 3251526 2772320 5714715 8151232 2906626 1027380 636492 6645587 4493227 1852656 0 6066570 4415572 1743566 3353428 6882076
2536627 1944956 5759993 3373267 5962021 5793961 5743235 6788099 6305303 1485129 7525510 5621148 6066570 0 3309128 5767383 4172525 6472222
1112594 5249360 2656744 2117864 2797057 3976416 2752241 5408196 4318278 2905835 4282439 3092807 4415572 3309128 0 5125827 1221066 3592847
5791392 6768419 4732549 3063566 7013191 9078840 4407176 1506846 2379965 6699149 6171534 3371727 1743566 5767383 5125827 0 4342701 8141997
2317642 6049454 1587516 1729814 2790980 4812103 1600527 4373895 3171730 4042861 3384770 1879905 3353428 4172525 1221066 4342701 0 3849690
3953599 8357701 3711092 5498216 1173938 2263189 4052112 7893502 6488460 5422014 3743537 5052928 6882076 6472222 3592847 8141997 3849690 0
