0 714666 121364 46560 740928 772533 263093 601159 677821 16803 444818 392659 566387 135432 40610 294755 493676 60494 569126 186469 338271 626126 175707 24020 20163 429585
0 220527 331916 87974 19535 732781 12693 2394 161167 844886 883488 1077520 363596 407365 1218664 385473 590074 946738 1665853 474359 242870 1710133 880398 21948 7978 652711
1817514 7460996 3751722 8472798 5056849 7811814 3797934 5437417 11256812 9344784 10098317 5117833 7398147 6320013 7032718 2694305 1849539 7487109 8108903 10908876 10897241 3860067 9105741 9098452 4703128 6260370
7773399 0 6519652 3465786 3105576 1985545 4454045 3633688 3810438 1942091 2707402 3149535 5398503 4457695 2880108 6741611 5613361 6715726 5325535 3520445 3495313 3613987 1699913 1637627 6819103 5408430
5443587 6519652 0 5913863 5710161 7779402 5264704 6513814 10119830 7992408 8637987 5824814 9042182 7757352 4698185 5741610 3350649 9655820 9541518 9950515 9385057 3668908 7790064 7988467 7492657 8150664
9441482 3465786 5913863 0 5844839 5441098 6799832 6630398 5222467 3332136 3603600 5937457 8767555 7695247 1452179 8814295 6864138 10014591 8766932 5334892 4124454 5053210 3274793 3737973 9516103 8587453
4900245 3105576 5710161 5844839 0 2784842 1438928 906015 6559973 5005843 5758614 122197 3471414 2185881 4628803 3720180 3320556 4425228 3863070 6121829 6518232 2048765 4769126 4578654 3757803 2887011
7655282 1985545 7779402 5441098 2784842 0 4194367 2777949 4014780 3074944 3687722 2747727 3688333 3054332 4814129 6400038 6019011 5076596 3460938 3504314 4310251 4308485 2898977 2491917 5895878 4012178
3465733 4454045 5264704 6799832 1438928 4194367 0 1639515 7995854 6384768 7145124 1453854 3859210 2637534 5449600 2296552 2267583 4393537 4469175 7560691 7916846 2035462 6144746 5986096 2763682 2890110
4972417 3633688 6513814 6630398 906015 2777949 1639515 0 6754986 5428219 6152825 785586 2580141 1286860 5472816 3656607 3844529 3525785 3027733 6267450 6873680 2892466 5202663 4937643 3219955 2000286
11433619 3810438 10119830 5222467 6559973 4014780 7995854 6754986 0 2136417 1624896 6560068 7404933 7027041 5692009 10278001 9407283 8797681 6921973 585058 1241818 7422412 2330161 2184844 9910371 7958470
9714254 1942091 7992408 3332136 5005843 3074944 6384768 5428219 2136417 0 765626 5037229 6763249 6044661 3582511 8677233 7505839 8150028 6495147 2076714 1559251 5484719 242540 600898 8647016 7013237
10479879 2707402 8637987 3603600 5758614 3687722 7145124 6152825 1624896 765626 0 5786743 7357433 6709894 4104163 9438922 8262421 8754338 7033145 1763546 798939 6238805 1008138 1222513 9372696 7676766
4919542 3149535 5824814 5937457 122197 2747727 1453854 785586 6560068 5037229 5786743 0 3349218 2063942 4732482 3718027 3397578 4307449 3743166 6114531 6541400 2166198 4801851 4599666 3692456 2771692
6396892 5398503 9042182 8767555 3471414 3688333 3859210 2580141 7404933 6763249 7357433 3349218 0 1296186 7789512 4993320 6107157 1402134 810133 6833348 7927404 5465632 6585267 6177724 3442517 1184806
5528785 4457695 7757352 7695247 2185881 3054332 2637534 1286860 7027041 6044661 6709894 2063942 1296186 0 6629379 4127733 4904568 2326154 1831817 6487001 7360127 4169479 5841349 5492485 3011911 968583
7991854 2880108 4698185 1452179 4628803 4814129 5449600 5472816 5692009 3582511 4104163 4732482 7789512 6629379 0 7394287 5411964 8953305 7898045 5655376 4790369 3625978 3432984 3781747 8197312 7466935
1408447 6741611 5741610 8814295 3720180 6400038 2296552 3656607 10278001 8677233 9438922 3718027 4993320 4127733 7394287 0 2449075 4867345 5766631 9829554 10212660 3768741 8436580 8282640 2009306 3811234
2611634 5613361 3350649 6864138 3320556 6019011 2267583 3844529 9407283 7505839 8262421 3397578 6107157 4904568 5411964 2449075 0 6488477 6735705 9061073 9061237 2027001 7265900 7250457 4144627 5070822
6198018 6715726 9655820 10014591 4425228 5076596 4393537 3525785 8797681 8150028 8754338 4307449 1402134 2326154 8953305 4867345 6488477 0 1955387 8223467 9329276 6260820 7967134 7568375 2974723 1555153
7173707 5325535 9541518 8766932 3863070 3460938 4469175 3027733 6921973 6495147 7033145 3743166 810133 1831817 7898045 5766631 6735705 1955387 0 6341175 7545736 5905494 6337696 5897627 4252560 1977847
11014101 3520445 9950515 5334892 6121829 3504314 7560691 6267450 585058 2076714 1763546 6114531 6833348 6487001 5655376 9829554 9061073 8223467 6341175 0 1632000 7103791 2225430 1962162 9396141 7410102
11268516 3495313 9385057 4124454 6518232 4310251 7916846 6873680 1241818 1559251 798939 6541400 7927404 7360127 4790369 10212660 9061237 9329276 7545736 1632000 0 7037742 1801320 1943254 10089434 8321523
4444828 3613987 3668908 5053210 2048765 4308485 2035462 2892466 7422412 5484719 6238805 2166198 5465632 4169479 3625978 3768741 2027001 6260820 5905494 7103791 7037742 0 5245761 5250468 4766334 4708682
9471760 1699913 7790064 3274793 4769126 2898977 6144746 5202663 2330161 242540 1008138 4801851 6585267 5841349 3432984 8436580 7265900 7967134 6337696 2225430 1801320 5245761 0 500606 8420069 6809794
9368326 1637627 7988467 3737973 4578654 2491917 5986096 4937643 2184844 600898 1222513 4599666 6177724 5492485 3781747 8282640 7250457 7568375 5897627 1962162 1943254 5250468 500606 0 8156526 6460227
3248185 6819103 7492657 9516103 3757803 5895878 2763682 3219955 9910371 8647016 9372696 3692456 3442517 3011911 8197312 2009306 4144627 2974723 4252560 9396141 10089434 4766334 8420069 8156526 0 2313274
5213162 5408430 8150664 8587453 2887011 4012178 2890110 2000286 7958470 7013237 7676766 2771692 1184806 968583 7466935 3811234 5070822 1555153 1977847 7410102 8321523 4708682 6809794 6460227 2313274 0
