0 68512 94211 62867 350681 251800 300538 14915 348559 295680 250225 618163 779634 394403 225162 237783 273468 265541 576043 402732 399214 150361 201494
0 324939 781030 1372428 1444147 116299 332219 169381 1229414 101043 151069 153037 117352 172756 895641 276711 879965 290134 382814 337030 1053685 932232 1425766
2491383 2564126 4964299 5100840 1661414 3783096 1035518 7630074 2517155 4373351 7716634 1212336 8688463 5440031 2064377 7556032 6277273 3662542 1707195 6511061 2754078 5784568 7314345
4922468 0 6395666 3608908 1188637 2138923 2950254 7260239 2685075 2108103 7173227 3181547 7071208 3754922 4255130 5776296 3763154 2248833 4155504 4255072 1529890 3273141 5988440
3502104 6395666 0 9805941 5256007 8353235 3952235 5012519 3800464 6828092 5402294 5922436 8267511 10052335 6109880 7798544 9810362 5353136 5387154 10610721 5204886 8465177 6684666
7533255 3608908 9805941 0 4596553 1479977 5961016 10741785 6257672 4790722 10595202 4779661 9728145 490852 5562355 8360386 3407932 5679119 5933542 2379074 5120661 4666147 9016775
3809551 1188637 5256007 4596553 0 3122413 1796777 6695128 1702906 2715603 6686285 2622809 7180193 4809118 3638258 5986526 4915467 2112248 3364417 5440485 1175072 4181411 5902621
6265029 2138923 8353235 1479977 3122413 0 4566410 9341856 4777705 3575185 9220834 3698440 8645403 1702373 4630783 7287395 3215538 4278406 4864900 2870929 3662173 3871438 7788386
2028463 2950254 3952235 5961016 1796777 4566410 0 6747751 1811928 4367692 6873951 2166594 8178851 6260529 2792028 7144485 6705969 3343252 2225164 7140753 2558744 5925566 6721618
7674241 7260239 5012519 10741785 6695128 9341856 6747751 0 5151411 6129616 511928 8842032 4083866 10762711 9536299 4372229 9068295 5066011 8924644 10407801 5749745 7212598 2896183
3537277 2685075 3800464 6257672 1702906 4777705 1811928 5151411 0 3153918 5210762 3723921 6377586 6433670 4530767 5387105 6021107 1800307 4020111 6824396 1409483 4809044 4909779
6384105 2108103 6828092 4790722 2715603 3575185 4367692 6129616 3153918 0 5913909 5209766 5094876 4724998 6270996 3754863 3123485 1485128 6066347 4308027 1843815 1656039 4231234
7916552 7173227 5402294 10595202 6686285 9220834 6873951 511928 5210762 5913909 0 8928177 3576679 10593736 9665799 3916399 8782783 4945584 9075534 10155653 5686556 6909783 2442252
2897375 3181547 5922436 4779661 2622809 3698440 2166594 8842032 3723921 5209766 8928177 0 9788412 5190951 1073885 8608918 6612217 4724485 1168351 6562137 3790488 6447196 8459404
9811661 7071208 8267511 9728145 7180193 8645403 8178851 4083866 6377586 5094876 3576679 9788412 0 9561776 10751054 1367759 6987416 5068132 10335531 8521452 6005218 5184824 1594512
7897842 3754922 10052335 490852 4809118 1702373 6260529 10762711 6433670 4724998 10593736 5190951 9561776 0 6005717 8195879 3041164 5721468 6352221 1910727 5232328 4435442 8923922
2730939 4255130 6109880 5562355 3638258 4630783 2792028 9536299 4530767 6270996 9665799 1073885 10751054 6005717 0 9604309 7641542 5709595 724222 7500673 4786037 7520869 9376265
8903332 5776296 7798544 8360386 5986526 7287395 7144485 4372229 5387105 3754863 3916399 8608918 1367759 8195879 9604309 0 5670919 3895067 9236468 7195040 4820875 3837958 1476265
8684681 3763154 9810362 3407932 4915467 3215538 6705969 9068295 6021107 3123485 8782783 6612217 6987416 3041164 7641542 5670919 0 4574631 7723135 1542263 4611626 1893596 6706264
5263847 2248833 5353136 5679119 2112248 4278406 3343252 5066011 1800307 1485128 4945584 4724485 5068132 5721468 5709595 3895067 4574631 0 5351895 5639512 937177 3112167 3820407
2020137 4155504 5387154 5933542 3364417 4864900 2225164 8924644 4020111 6066347 9075534 1168351 10335531 6352221 724222 9236468 7723135 5351895 0 7724855 4455723 7422590 8915704
8998240 4255072 10610721 2379074 5440485 2870929 7140753 10407801 6824396 4308027 10155653 6562137 8521452 1910727 7500673 7195040 1542263 5639512 7724855 0 5452658 3374413 8174758
4555001 1529890 5204886 5120661 1175072 3662173 2558744 5749745 1409483 1843815 5686556 3790488 6005218 5232328 4786037 4820875 4611626 937177 4455723 5452658 0 3471081 4740870
7953681 3273141 8465177 4666147 4181411 3871438 5925566 7212598 4809044 1656039 6909783 6447196 5184824 4435442 7520869 3837958 1893596 3112167 7422590 3374413 3471081 0 4814462
8272449 5988440 6684666 9016775 5902621 7788386 6721618 2896183 4909779 4231234 2442252 8459404 1594512 8923922 9376265 1476265 6706264 3820407 8915704 8174758 4740870 4814462 0
