0 503918 537316 207491 701657 298218 482202 40673 495657 278736 201817 641667 171758 58828 736537 701844 62312 392371
0 1456097 287732 1327404 1485069 428047 846102 57951 1603239 1542604 302899 659260 1148868 22539 1670460 1081859 102104 788432
689512 7780179 7421150 5399095 6962546 2285171 5808935 7365191 8564638 9572526 2207432 6185111 2314158 1748648 2980316 8779146 7961970 6240121
8197650 0 9384269 11031112 1611934 8622605 8444514 8616094 890139 7504552 8824650 9737397 6620141 6031539 8045647 1024092 2265636 1669743
6988818 9384269 0 4421497 7777270 5503589 1615665 893936 10222999 4391397 9614053 1830183 5389483 7211788 10277635 10224179 7671631 7981163
4729414 11031112 4421497 0 9627869 3156168 3587733 5033283 11920262 8541888 7159708 2599205 4698540 6280804 8299000 12029727 10068451 9374731
7274924 1611934 7777270 9627869 0 7446664 6880003 7004572 2449725 6057367 8348221 8189823 5445761 5256519 7810459 2479695 1241224 961939
1661608 8622605 5503589 3156168 7446664 0 3959844 5638747 9485889 8435939 4281447 4043912 2008068 3198885 5252257 9646432 8186763 6961781
5391518 8444514 1615665 3587733 6880003 3959844 0 1700094 9317064 4985871 8005856 1343699 3789724 5629682 8663471 9359690 7014073 6917867
7002816 8616094 893936 5033283 7004572 5638747 1700094 0 9439803 3581235 9572539 2454877 5197455 6946769 10119970 9428169 6834356 7270258
9007534 890139 10222999 11920262 2449725 9485889 9317064 9439803 0 8129116 9493175 10615920 7487999 6818608 8629748 300443 2854178 2551920
9421410 7504552 4391397 8541888 6057367 8435939 4985871 3581235 8129116 0 11684243 6015006 7260764 8556788 11843265 8006473 5276782 6750516
2650637 8824650 9614053 7159708 8348221 4281447 8005856 9572539 9493175 11684243 0 8304146 4474872 3273196 1428269 9748208 9476437 7493019
5654742 9737397 1830183 2599205 8189823 4043912 1343699 2454877 10615920 6015006 8304146 0 4503456 6362375 9145055 10668215 8355165 8178655
2213645 6620141 5389483 4698540 5445761 2008068 3789724 5197455 7487999 7260764 4474872 4503456 0 1863411 4922519 7643378 6231474 4956347
2220557 6031539 7211788 6280804 5256519 3198885 5629682 6946769 6818608 8556788 3273196 6362375 1863411 0 3295421 7031157 6306601 4502493
3596627 8045647 10277635 8299000 7810459 5252257 8663471 10119970 8629748 11843265 1428269 9145055 4922519 3295421 0 8902555 9004986 6892452
9209024 1024092 10224179 12029727 2479695 9646432 9359690 9428169 300443 8006473 9748208 10668215 7643378 7031157 8902555 0 2748707 2689496
8209834 2265636 7671631 10068451 1241224 8186763 7014073 6834356 2854178 5276782 9476437 8355165 6231474 6306601 9004986 2748707 0 2203126
6611503 1669743 7981163 9374731 961939 6961781 6917867 7270258 2551920 6750516 7493019 8178655 4956347 4502493 6892452 2689496 2203126 0
