0 99714 441698 25573 397683 295110 429695 681331 511382 68257 510536 660292 350989 396089 216844 512272 170006 683716 448692 456921 509077 24832 658738 605005 267608 730400 656311 250207 403685 440356 136870 183461 616330 333079 632054 385322 317756 738934 307134 610741 767968 591370 551311 287735 95676 322256 194271 376298 590235 723720 88895
0 545596 971034 854683 456086 520766 308487 203390 128081 1087224 81080 1637964 520480 294774 160807 1605601 691122 826622 1162455 772055 134606 1325535 696584 359674 1460281 1366841 949073 1142039 562020 998013 1518288 719361 1228936 131464 1496148 871859 861578 1005882 953938 735181 1334468 1175696 565943 1758595 1044331 663594 1512735 341554 1229458 1708649 1637109
0 6314956 6570197 9601804 6892279 4887135 1112967 5653242 6549327 3009413 2857978 504858 9285851 3786092 6478094 7862430 7389794 10057827 9821718 6654725 5404886 8812987 7474880 5808115 985403 5245900 6026848 9499514 811201 4969747 2625426 11078757 2169397 3000277 2098631 4242556 8518504 5789402 8287245 6941565 1779468 6299941 8517676 10877030 7608563 6840662 8669050 9608087 9029884 9825861 8952076
6314956 0 1604464 5932549 7624450 8615769 7424047 7581709 6839718 4257614 8039639 6653505 7602206 6458311 6738423 2751559 3809998 4539773 5622185 2041670 8159179 8065795 3959715 2426800 5976982 2608160 6690521 8966369 6987032 1862331 4495032 6224114 8375891 8871406 5169961 2076468 7403661 4496045 9483294 764423 4538415 3994573 4027374 5686522 1358186 8113304 4588853 6433468 9955127 5559899 6206335
6570197 1604464 0 4369680 6351464 7884695 7629418 6548525 5553126 5176133 7741651 6987655 6021995 5759103 5455999 1407871 2206849 3543669 4133025 439736 7246871 6553851 2356381 3965997 6007288 1656806 5492548 7450791 7116891 1603104 5319268 4939502 8436492 8736220 4981717 2731689 5875208 3207000 8179383 2135604 4838137 2557142 2534839 4529135 1678716 6902061 3039401 4839909 8590394 4082710 4602054
9601804 5932549 4369680 0 5402257 8553378 10453479 6538233 4822426 9175462 9549489 10095129 2873505 7009236 4785539 3277482 2378154 3179818 806215 3966066 7480441 4041694 2251255 8333619 8750287 4648142 5189257 4708988 9868945 5436591 9217747 2227050 10906838 10772057 7557330 6808747 3415741 3901095 6637090 6278652 8191180 3301872 1965428 2695241 5322102 6081413 1346719 767477 6658874 911787 1291050
6892279 7624450 6351464 5402257 0 3563162 7250505 1516692 799028 8254967 5366642 7366414 3268294 3131711 895473 6501896 4828982 7934294 6101743 5995460 2380801 2241495 4754299 9240040 5910717 5025629 1017613 2695637 6708110 5920806 8065452 7611293 7174276 6588564 5005546 6873172 2354060 3151522 1864112 8340470 6427646 3837963 5940851 7939903 8019978 681317 5516802 4875135 2426815 6180756 4146913
4887135 8615769 7884695 8553378 3563162 0 4723987 2093739 3833937 7345890 2329032 5224718 6809568 2158336 3842046 8597854 7231178 10489399 9132486 7681377 1183039 5795031 7219850 9381201 4108295 6238718 3385546 6113452 4342232 6758021 7028373 10642453 4210424 3337766 3930165 7066823 5892533 5109667 4056200 9379295 5400364 5955512 8506124 10803082 9486385 3077091 8277604 8168364 4801123 9190055 7412990
1112967 7424047 7629418 10453479 7250505 4723987 0 5882440 7018746 4007169 2446261 919253 9896312 4127031 6959369 8892318 8313709 11085688 10725162 7691173 5459553 9303583 8388696 6878152 1711321 6242360 6478822 9923065 589059 6036106 3620866 12028471 1140164 2152564 2899602 5353636 9081365 6579572 8458424 8054247 2885808 7164600 9482060 11864257 8710585 7096239 9591153 10402379 9214760 10736165 9717749
5653242 7581709 6548525 6538233 1516692 2093739 5882440 0 1750238 7415624 3873007 6100360 4721444 1889129 1768009 7006200 5475084 8717920 7161335 6263734 947061 3755824 5437397 8844422 4697040 5007524 1353470 4183112 5368302 5752247 7174361 8680278 5712885 5081988 3973492 6441767 3805320 3449355 2638928 8335496 5488838 4275932 6707113 8906080 8219204 1214832 6397319 6110461 3376872 7226889 5357967
6549327 6839718 5553126 4822426 799028 3833937 7018746 1750238 0 7670384 5348998 7038944 3045540 2913277 102986 5717470 4059755 7209077 5479852 5196435 2696123 2284915 3991908 8508258 5564307 4248407 544477 2955675 6454208 5160554 7505194 6998491 7067409 6597058 4564218 6162540 2148547 2356482 2643810 7550805 5908510 3040542 5204325 7278885 7221024 1409814 4813926 4366122 3150469 5552112 3616414
3009413 4257614 5176133 9175462 8254967 7345890 4007169 7415624 7670384 0 5707886 3091011 9772588 5607416 7575824 6583916 6797433 8658982 9144285 5444131 7505706 9687337 6925190 2960322 3348602 4544004 7251467 10515007 3820609 3761797 386557 10104628 5136824 6008536 3496106 2447329 9204223 6003092 9964314 4672659 1963911 6124950 7607746 9701823 5611997 8437971 7974421 9421481 10639171 9114824 8921172
2857978 8039639 7741651 9549489 5366642 2329032 2446261 3873007 5348998 5707886 0 3084396 8383667 2559609 5316745 8766116 7750442 10868856 9985069 7663411 3238115 7569820 7784304 8204807 2376251 6125460 4813100 8053750 2163142 6309921 5344379 11424619 1897317 1252966 2870753 6152182 7496806 5707563 6270648 8767997 3945192 6471168 9021299 11424382 9149047 5059461 8960057 9328114 7028024 10020179 8588381
504858 6653505 6987655 10095129 7366414 5224718 919253 6100360 7038944 3091011 3084396 0 9789022 4248085 6969048 8299322 7870117 10493737 10305168 7089233 5809417 9306881 7957625 5982087 1477085 5704980 6513544 9985897 922232 5384620 2705142 11548855 2057710 3022062 2603422 4577101 9018668 6291520 8727338 7254213 2156810 6793456 8984608 11333217 7966676 7296059 9148715 10108267 9473982 10307701 9454581
9285851 7602206 6021995 2873505 3268294 6809568 9896312 4721444 3045540 9772588 8383667 9789022 0 5889479 3069843 5441076 3850349 5994464 3679529 5583583 5634312 1272504 3707224 9780046 8321810 5460804 3572697 1835806 9315008 6438365 9699668 5009989 10053395 9634675 7201328 7743011 917166 3770153 3980698 8149359 8298266 3781878 4341090 5560016 7423211 3866589 3705952 2133177 3869629 3784119 1701308
3786092 6458311 5759103 7009236 3131711 2158336 4127031 1889129 2913277 5607416 2559609 4248085 5889479 0 2862836 6563943 5344208 8557317 7477742 5581910 1917377 5193707 5358682 7332425 2817631 4104769 2369124 5796034 3577788 4599777 5342803 8944472 4165811 3805544 2120046 4971372 5028964 3236518 4526641 7222123 3653732 4048670 6629476 9002372 7339515 3056412 6499290 6769835 5258677 7519121 6028958
6478094 6738423 5455999 4785539 895473 3842046 6959369 1768009 102986 7575824 5316745 6969048 3069843 2862836 0 5631876 3980186 7140456 5434255 5101084 2715065 2345515 3914585 8405410 5493492 4146247 503655 3033337 6392780 5057671 7412629 6953579 7022425 6566467 4484388 6060350 2180876 2257242 2744902 7450316 5820078 2948222 5133650 7224375 7124951 1492167 4751751 4342622 3253455 5505127 3590727
7862430 2751559 1407871 3277482 6501896 8597854 8892318 7006200 5717470 6583916 8766116 8299322 5441076 6563943 5631876 0 1719829 2195403 2882611 1211080 7809829 6212826 1831064 5178025 7227770 2682402 5791007 7075168 8358038 2951592 6725407 3542667 9633092 9835546 6134037 4139394 5507032 3558666 8225223 3010513 6169201 2733727 1315901 3122960 2056277 7123570 1943328 3877283 8523617 2815326 3832114
7389794 3809998 2206849 2378154 4828982 7231178 8313709 5475084 4059755 6797433 7750442 7870117 3850349 5344208 3980186 1719829 0 3260871 2440379 1768378 6335541 4519760 149891 6119226 6602918 2281342 4193436 5395940 7741598 3063699 6843693 3726182 8889135 8911078 5424965 4439542 3817960 2127448 6517116 4309952 5882878 1295614 1285685 3674196 3585752 5469466 1279452 2703440 6804244 2438467 2397895
10057827 4539773 3543669 3179818 7934294 10489399 11085688 8717920 7209077 8658982 10868856 10493737 5994464 8557317 7140456 2195403 3260871 0 2408240 3404510 9591768 7059393 3284338 6849776 9415152 4858630 7408457 7809770 10548311 5130696 8831431 1970430 11810553 11972626 8306320 6241688 6377416 5380339 9461834 4493570 8359291 4536484 2012593 1237762 3362184 8601772 2438653 3946505 9609093 2298987 4304648
9821718 5622185 4133025 806215 6101743 9132486 10725162 7161335 5479852 9144285 9985069 10305168 3679529 7477742 5434255 2882611 2440379 2408240 0 3770103 8094396 4837886 2347654 8047344 9014152 4699196 5807869 5514805 10147573 5382517 9220080 1519713 11249398 11186822 7827373 6726366 4199759 4280795 7406118 5882516 8321301 3576015 1601225 1899724 4859161 6782994 1178567 1565492 7449500 109431 2066886
6654725 2041670 439736 3966066 5995460 7681377 7691173 6263734 5196435 5444131 7663411 7089233 5583583 5581910 5101084 1211080 1768378 3404510 3770103 0 6994094 6129814 1918063 4382588 6037314 1538111 5163742 7025225 7162410 1748777 5563074 4662883 8453211 8697091 4966127 2998858 5447659 2870327 7809335 2569638 4958195 2172692 2185986 4308285 2027534 6562311 2649318 4415871 8202842 3726151 4164921
5404886 8159179 7246871 7480441 2380801 1183039 5459553 947061 2696123 7505706 3238115 5809417 5634312 1917377 2715065 7809829 6335541 9591768 8094396 6994094 0 4612233 6307438 9215101 4507967 5648106 2291415 4949044 4997371 6302442 7227613 9612078 5129214 4377252 4009611 6831568 4717166 4257868 3034692 8921382 5544002 5100122 7586695 9820390 8897665 1907066 7303467 7057499 3793076 8158014 6304869
8812987 8065795 6553851 4041694 2241495 5795031 9303583 3755824 2284915 9687337 7569820 9306881 1272504 5193707 2345515 6212826 4519760 7059393 4837886 6129814 4612233 0 4393152 10075874 7830045 5686337 2826496 900835 8738118 6671534 9565437 6230035 9332288 8804854 6788251 7878431 706956 3798633 2708709 8684039 8044711 4083083 5260125 6735879 8085278 2749646 4672178 3340133 2623711 4937662 2780320
7474880 3959715 2356381 2251255 4754299 7219850 8388696 5437397 3991908 6925190 7784304 7957625 3707224 5358682 3914585 1831064 149891 3284338 2347654 1918063 6307438 4393152 0 6268304 6677422 2399395 4143257 5265897 7814390 3198983 6966879 3667354 8948785 8952983 5495632 4575806 3689836 2129253 6424380 4457180 5984861 1315117 1286278 3646765 3723490 5400559 1204346 2559258 6699495 2351220 2248005
5808115 2426800 3965997 8333619 9240040 9381201 6878152 8844422 8508258 2960322 8204807 5982087 9780046 7332425 8405410 5178025 6119226 6849776 8047344 4382588 9215101 10075874 6268304 0 5861872 4389847 8237915 10970189 6599720 3407373 3325042 8618626 7976936 8736180 5500143 2402925 9459129 6311106 11090592 2364494 4269166 6025221 6450017 8040320 3492856 9615623 6996436 8797564 11655723 7986041 8506953
985403 5976982 6007288 8750287 5910717 4108295 1711321 4697040 5564307 3348602 2376251 1477085 8321810 2817631 5493492 7227770 6602918 9415152 9014152 6037314 4507967 7830045 6677422 5861872 0 4559216 5041445 8514115 1141766 4438935 2996379 10319779 2433316 2926548 1193020 3964751 7544123 4892339 7335316 6660231 1593626 5456724 7777861 10166691 7202884 5873983 7880041 8718046 8072940 9024898 8045495
5245900 2608160 1656806 4648142 5025629 6238718 6242360 5007524 4248407 4544004 6125460 5704980 5460804 4104769 4146247 2682402 2281342 4858630 4699196 1538111 5648106 5686337 2399395 4389847 4559216 0 4082673 6580349 5695914 987373 4571090 5855352 6953173 7164074 3451832 2296429 5077321 1942590 6888158 3344966 3642000 1680053 3287167 5631204 3256503 5505277 3521358 4878784 7384641 4685791 4406009
6026848 6690521 5492548 5189257 1017613 3385546 6478822 1353470 544477 7251467 4813100 6513544 3572697 2369124 503655 5791007 4193436 7408457 5807869 5163742 2291415 2826496 4143257 8237915 5041445 4082673 0 3472686 5916342 4947185 7070434 7326864 6523350 6062936 4067751 5863146 2684388 2293586 2852735 7420395 5448991 3064903 5395909 7560004 7170623 1423053 5059412 4783008 3443255 5873591 4027859
9499514 8966369 7450791 4708988 2695637 6113452 9923065 4183112 2955675 10515007 8053750 9985897 1835806 5796034 3033337 7075168 5395940 7809770 5514805 7025225 4949044 900835 5265897 10970189 8514115 6580349 3472686 0 9370426 7564243 10379636 6832290 9869892 9264345 7517542 8757052 1581100 4680048 2510700 9582325 8827058 4983623 6076061 7395193 8970942 3042098 5466873 3967340 2180448 5619030 3505128
811201 6987032 7116891 9868945 6708110 4342232 589059 5368302 6454208 3820609 2163142 922232 9315008 3577788 6392780 8358038 7741598 10548311 10147573 7162410 4997371 8738118 7814390 6599720 1141766 5695914 5916342 9370426 0 5533344 3436582 11460374 1401725 2189774 2320200 4931660 8505098 5991881 7967528 7639721 2464328 6583163 8919605 11308010 8250774 6578526 9017739 9814011 8721007 10159813 9128762
4969747 1862331 1603104 5436591 5920806 6758021 6036106 5752247 5160554 3761797 6309921 5384620 6438365 4599777 5057671 2951592 3063699 5130696 5382517 1748777 6302442 6671534 3198983 3407373 4438935 987373 4947185 7564243 5533344 0 3847457 6389914 6872234 7235127 3476142 1377601 6064683 2906878 7784358 2626718 3235631 2656934 3858049 6056721 2839440 6360123 4213290 5742218 8309067 5353710 5320715
2625426 4495032 5319268 9217747 8065452 7028373 3620866 7174361 7505194 386557 5344379 2705142 9699668 5342803 7412629 6725407 6843693 8831431 9220080 5563074 7227613 9565437 6966879 3325042 2996379 4571090 7070434 10379636 3436582 3847457 0 10225271 4750267 5625321 3223471 2591389 9103044 5931345 9746421 4949556 1689375 6106203 7705328 9848127 5853081 8222120 8045036 9433456 10431932 9194996 8909709
11078757 6224114 4939502 2227050 7611293 10642453 12028471 8680278 6998491 10104628 11424619 11548855 5009989 8944472 6953579 3542667 3726182 1970430 1519713 4662883 9612078 6230035 3667354 8618626 10319779 5855352 7326864 6832290 11460374 6389914 10225271 0 12614774 12609039 9147571 7657471 5628840 5720172 8858461 6307052 9494654 4963641 2568248 805816 5192613 8292098 2469808 2889922 8853684 1454178 3516874
2169397 8375891 8436492 10906838 7174276 4210424 1140164 5712885 7067409 5136824 1897317 2057710 10053395 4165811 7022425 9633092 8889135 11810553 11249398 8453211 5129214 9332288 8948785 7976936 2433316 6953173 6523350 9869892 1401725 6872234 4750267 12614774 0 1123416 3505419 6328121 9194367 7005802 8163696 9036208 3864572 7674075 10107573 12512728 9625106 6916536 10151538 10779627 8921735 11270347 10065029
3000277 8871406 8736220 10772057 6588564 3337766 2152564 5081988 6597058 6008536 1252966 3022062 9634675 3805544 6566467 9835546 8911078 11972626 11186822 8697091 4377252 8804854 8952983 8736180 2926548 7164074 6062936 9264345 2189774 7235127 5625321 12609039 1123416 0 3761429 6886488 8745480 6906081 7379208 9570498 4499037 7646218 10169421 12578692 10053723 6246158 10140091 10567524 8130153 11218383 9830729
2098631 5169961 4981717 7557330 5005546 3930165 2899602 3973492 4564218 3496106 2870753 2603422 7201328 2120046 4484388 6134037 5424965 8306320 7827373 4966127 4009611 6788251 5495632 5500143 1193020 3451832 4067751 7517542 2320200 3476142 3223471 9147571 3505419 3761429 0 3308862 6454727 3704229 6583151 5897313 1535585 4265142 6617788 9016679 6305071 5072841 6699496 7529259 7292725 7839796 6862454
4242556 2076468 2731689 6808747 6873172 7066823 5353636 6441767 6162540 2447329 6152182 4577101 7743011 4971372 6060350 4139394 4439542 6241688 6726366 2998858 6831568 7878431 4575806 2402925 3964751 2296429 5863146 8757052 4931660 1377601 2591389 7657471 6328121 6886488 3308862 0 7306935 4079845 8712408 2708182 2471400 3971417 5171628 7260419 3400300 7225377 5566421 7119429 9297214 6692062 6687588
8518504 7403661 5875208 3415741 2354060 5892533 9081365 3805320 2148547 9204223 7496806 9018668 917166 5028964 2180876 5507032 3817960 6377416 4199759 5447659 4717166 706956 3689836 9459129 7544123 5077321 2684388 1581100 8505098 6064683 9103044 5628840 9194367 8745480 6454727 7306935 0 3239319 3234566 8008847 7633292 3441633 4557663 6099291 7390004 2964658 3976699 2751621 3252892 4296351 2132913
5789402 4496045 3207000 3901095 3151522 5109667 6579572 3449355 2356482 6003092 5707563 6291520 3770153 3236518 2257242 3558666 2127448 5380339 4280795 2870327 4257868 3798633 2129253 6311106 4892339 1942590 2293586 4680048 5991881 2906878 5931345 5720172 7005802 6906081 3704229 4079845 3239319 0 4997341 5197861 4585664 847109 3410724 5766878 4882425 3695641 3264602 3825709 5459728 4313548 3163400
8287245 9483294 8179383 6637090 1864112 4056200 8458424 2638928 2643810 9964314 6270648 8727338 3980698 4526641 2744902 8225223 6517116 9461834 7406118 7809335 3034692 2708709 6424380 11090592 7335316 6888158 2852735 2510700 7967528 7784358 9746421 8858461 8163696 7379208 6583151 8712408 3234566 4997341 0 10194080 8074184 5638159 7523809 9299224 9836869 1526655 7023484 5986186 758836 7498375 5346658
6941565 764423 2135604 6278652 8340470 9379295 8054247 8335496 7550805 4672659 8767997 7254213 8149359 7222123 7450316 3010513 4309952 4493570 5882516 2569638 8921382 8684039 4457180 2364494 6660231 3344966 7420395 9582325 7639721 2626718 4949556 6307052 9036208 9570498 5897313 2708182 8008847 5197861 10194080 0 5177814 4645093 4325272 5697311 1131509 8843377 4934324 6837598 10647839 5809406 6680399
1779468 4538415 4838137 8191180 6427646 5400364 2885808 5488838 5908510 1963911 3945192 2156810 8298266 3653732 5820078 6169201 5882878 8359291 8321301 4958195 5544002 8044711 5984861 4269166 1593626 3642000 5448991 8827058 2464328 3235631 1689375 9494654 3864572 4499037 1535585 2471400 7633292 4585664 8074184 5177814 0 4929252 6926729 9235829 5829238 6553260 7148445 8295909 8768893 8313974 7700293
6299941 3994573 2557142 3301872 3837963 5955512 7164600 4275932 3040542 6124950 6471168 6793456 3781878 4048670 2948222 2733727 1295614 4536484 3576015 2172692 5100122 4083083 1315117 6025221 5456724 1680053 3064903 4983623 6583163 2656934 6106203 4963641 7674075 7646218 4265142 3971417 3441633 847109 5638159 4645093 4929252 0 2581184 4961618 4199706 4428307 2494055 3367483 6033747 3596319 2804281
8517676 4027374 2534839 1965428 5940851 8506124 9482060 6707113 5204325 7607746 9021299 8984608 4341090 6629476 5133650 1315901 1285685 2012593 1601225 2185986 7586695 5260125 1286278 6450017 7777861 3287167 5395909 6076061 8919605 3858049 7705328 2568248 10107573 10169421 6617788 5171628 4557663 3410724 7523809 4325272 6926729 2581184 0 2410550 3356927 6603037 661900 2598334 7725306 1548026 2662208
10877030 5686522 4529135 2695241 7939903 10803082 11864257 8906080 7278885 9701823 11424382 11333217 5560016 9002372 7224375 3122960 3674196 1237762 1899724 4308285 9820390 6735879 3646765 8040320 10166691 5631204 7560004 7395193 11308010 6056721 9848127 805816 12512728 12578692 9016679 7260419 6099291 5766878 9299224 5697311 9235829 4961618 2410550 0 4569231 8620297 2525568 3428149 9349170 1803273 3966380
7608563 1358186 1678716 5322102 8019978 9486385 8710585 8219204 7221024 5611997 9149047 7966676 7423211 7339515 7124951 2056277 3585752 3362184 4859161 2027534 8897665 8085278 3723490 3492856 7202884 3256503 7170623 8970942 8250774 2839440 5853081 5192613 9625106 10053723 6305071 3400300 7390004 4882425 9836869 1131509 5829238 4199706 3356927 4569231 0 8578065 3997615 5933559 10225067 4779061 5863079
6840662 8113304 6902061 6081413 681317 3077091 7096239 1214832 1409814 8437971 5059461 7296059 3866589 3056412 1492167 7123570 5469466 8601772 6782994 6562311 1907066 2749646 5400559 9615623 5873983 5505277 1423053 3042098 6578526 6360123 8222120 8292098 6916536 6246158 5072841 7225377 2964658 3695641 1526655 8843377 6553260 4428307 6603037 8620297 8578065 0 6190186 5545310 2219885 6862072 4821807
8669050 4588853 3039401 1346719 5516802 8277604 9591153 6397319 4813926 7974421 8960057 9148715 3705952 6499290 4751751 1943328 1279452 2438653 1178567 2649318 7303467 4672178 1204346 6996436 7880041 3521358 5059412 5466873 9017739 4213290 8045036 2469808 10151538 10140091 6699496 5566421 3976699 3264602 7023484 4934324 7148445 2494055 661900 2525568 3997615 6190186 0 1941350 7184151 1165621 2014807
9608087 6433468 4839909 767477 4875135 8168364 10402379 6110461 4366122 9421481 9328114 10108267 2133177 6769835 4342622 3877283 2703440 3946505 1565492 4415871 7057499 3340133 2559258 8797564 8718046 4878784 4783008 3967340 9814011 5742218 9433456 2889922 10779627 10567524 7529259 7119429 2751621 3825709 5986186 6837598 8295909 3367483 2598334 3428149 5933559 5545310 1941350 0 5963818 1673194 755843
9029884 9955127 8590394 6658874 2426815 4801123 9214760 3376872 3150469 10639171 7028024 9473982 3869629 5258677 3253455 8523617 6804244 9609093 7449500 8202842 3793076 2623711 6699495 11655723 8072940 7384641 3443255 2180448 8721007 8309067 10431932 8853684 8921735 8130153 7292725 9297214 3252892 5459728 758836 10647839 8768893 6033747 7725306 9349170 10225067 2219885 7184151 5963818 0 7547239 5383903
9825861 5559899 4082710 911787 6180756 9190055 10736165 7226889 5552112 9114824 10020179 10307701 3784119 7519121 5505127 2815326 2438467 2298987 109431 3726151 8158014 4937662 2351220 7986041 9024898 4685791 5873591 5619030 10159813 5353710 9194996 1454178 11270347 11218383 7839796 6692062 4296351 4313548 7498375 5809406 8313974 3596319 1548026 1803273 4779061 6862072 1165621 1673194 7547239 0 2163567
8952076 6206335 4602054 1291050 4146913 7412990 9717749 5357967 3616414 8921172 8588381 9454581 1701308 6028958 3590727 3832114 2397895 4304648 2066886 4164921 6304869 2780320 2248005 8506953 8045495 4406009 4027859 3505128 9128762 5320715 8909709 3516874 10065029 9830729 6862454 6687588 2132913 3163400 5346658 6680399 7700293 2804281 2662208 3966380 5863079 4821807 2014807 755843 5383903 2163567 0
