0 22219 359410 505236 91941 239846 616641 427963 495963 64821 414865 653522 263973 175010 559112 487243 139668 590231 370859 515426 338213
0 1120598 529949 1364154 1551069 914416 794336 637374 1659763 261299 1149624 994917 111173 799043 454336 1492395 1247631 1246735 1025574 461267 399976
781987 9594283 3240341 7413943 3973559 4888377 9063542 5743860 6962267 6933534 6219969 5948152 7617807 6651655 4934805 7376167 5807013 3906163 3485988 7664301 7776723
9113855 0 8501621 2182207 10694467 10358507 729403 6513467 6103516 4417705 7221938 4259617 3760458 2975650 9593352 5458253 9484334 9423422 11231246 9285379 1985819
2476002 8501621 0 6451787 2225458 2328142 7831925 2895739 4121803 4708772 3124955 4266006 5506888 5989293 7605149 4699217 2684066 1134763 2760025 4432116 7114593
6932907 2182207 6451787 0 8670343 8450330 1686760 4849417 4789720 3062985 5673730 2372549 2740782 892271 7825907 4308582 7754856 7437954 9140457 7919542 864229
3461558 10694467 2225458 8670343 0 1204741 10012481 4648604 5740590 6705708 4494140 6439258 7514718 8213948 8874867 6424054 2691187 1316441 1043025 4722209 9339975
4266816 10358507 2328142 8450330 1204741 0 9651621 3999444 4951756 6148967 3649312 6119021 6948404 8107809 9670905 5671553 1550344 1198120 2240425 3545219 9186842
8551000 729403 7831925 1686760 10012481 9651621 0 5788690 5376736 3688315 6492773 3573248 3036576 2555948 9388690 4737292 8759795 8733108 10573228 8560415 1778201
4972475 6513467 2895739 4849417 4648604 3999444 5788690 0 1239638 2164558 904456 2506921 2953894 4779564 9092142 1813508 2971108 3341066 5472538 3224269 5679898
6196014 6103516 4121803 4789720 5740590 4951756 5376736 1239638 0 1742394 1313581 2719462 2347746 4947823 10063760 738338 3677933 4462302 6621236 3188045 5653160
6235236 4417705 4708772 3062985 6705708 6148967 3688315 2164558 1742394 0 2806279 1347546 809012 3314169 9185659 1266116 5112647 5389668 7437741 4919449 3927143
5438251 7221938 3124955 5673730 4494140 3649312 6492773 904456 1313581 2806279 0 3370143 3531908 5655163 9863408 2047996 2373681 3256526 5419420 2322173 6517646
5313325 4259617 4266006 2372549 6439258 6119021 3573248 2506921 2719462 1347546 3370143 0 1762445 2288217 7850304 2490712 5382588 5163810 7018324 5671293 3181711
6941767 3760458 5506888 2740782 7514718 6948404 3036576 2953894 2347746 809012 3531908 1762445 0 3199083 9544385 1703678 5874250 6198678 8242498 5524987 3580906
6217179 2975650 5989293 892271 8213948 8107809 2555948 4779564 4947823 3314169 5655163 2288217 3199083 0 6943900 4578882 7564224 7033972 8602713 7959503 1156604
5424500 9593352 7605149 7825907 8874867 9670905 9388690 9092142 10063760 9185659 9863408 7850304 9544385 6943900 0 10156143 10284704 8559243 8415220 11841397 7635411
6626908 5458253 4699217 4308582 6424054 5671553 4737292 1813508 738338 1266116 2047996 2490712 1703678 4578882 10156143 0 4415932 5130381 7277060 3835613 5170682
5084813 9484334 2684066 7754856 2691187 1550344 8759795 2971108 3677933 5112647 2373681 5382588 5874250 7564224 10284704 4415932 0 1936579 3731615 2042020 8555824
3217847 9423422 1134763 7437954 1316441 1198120 8733108 3341066 4462302 5389668 3256526 5163810 6198678 7033972 8559243 5130381 1936579 0 2164487 3921505 8139104
3154196 11231246 2760025 9140457 1043025 2240425 10573228 5472538 6621236 7437741 5419420 7018324 8242498 8602713 8415220 7277060 3731615 2164487 0 5764993 9750602
6907144 9285379 4432116 7919542 4722209 3545219 8560415 3224269 3188045 4919449 2322173 5671293 5524987 7959503 11841397 3835613 2042020 3921505 5764993 0 8775595
7362488 1985819 7114593 864229 9339975 9186842 1778201 5679898 5653160 3927143 6517646 3181711 3580906 1156604 7635411 5170682 8555824 8139104 9750602 8775595 0
