0 585214 496127 344435 146115 360948 709682 549072 588003 202248 466585 384343 141505 164850 57157 384315 405857 343135 637008 657491 394749 380684 447667 528078
0 951191 48047 784212 749277 71100 113814 873991 1038310 1486057 641276 1502172 406427 902277 223117 408289 78554 399049 1666682 1200390 163767 704263 139122 1196278
1589862 7903627 6147827 8845827 5409459 8055932 6854422 7999731 7214867 7292772 8587012 6804460 5657750 5124003 7107105 7240244 5289041 8038577 4791712 5082401 2159226 5909108 4497203 5177377
7666679 0 2089913 8934096 3988626 545171 12967191 995238 906395 10226149 6784589 11383088 11742768 10780966 4508224 5262289 5268235 9664675 11201022 11429414 5766033 10439889 4964860 10828669
5699265 2089913 0 9228761 3720910 2492683 11887587 2732297 1207048 9845990 7423565 10647582 10629543 9734920 5019787 5712563 4962617 9592158 9979579 10233688 4119455 9659536 4317864 9786666
10113285 8934096 9228761 0 5542762 8532111 7879618 8077358 9156401 3229356 2411547 5326596 7255796 6415478 4425874 3671807 4464679 1734829 7479538 7478137 7889819 5044450 5369306 6419827
5976822 3988626 3720910 5542762 0 3795124 9113091 3483635 3889465 6278018 4021120 7402457 7929557 6935652 1854399 2303820 1298992 5888084 7494823 7692689 3472702 6472603 1128729 6979699
7920218 545171 2492683 8532111 3795124 0 12864477 477254 1380166 9957272 6335707 11194119 11655015 10678877 4114207 4866138 5041583 9331308 11148105 11367585 5901206 10267727 4831808 10725163
8377474 12967191 11887587 7879618 9113091 12864477 0 12588400 12607083 4661257 9440775 2565577 1264529 2186521 9732055 9291616 8005230 6173410 2064649 1775035 8035195 2980830 8034789 2139540
7958895 995238 2732297 8077358 3483635 477254 12588400 0 1726106 9571539 5865388 10858736 11391576 10406181 3668537 4417651 4695852 8908987 10912003 11124262 5840527 9945133 4556639 10451340
6869567 906395 1207048 9156401 3889465 1380166 12607083 1726106 0 10164837 7137729 11171451 11363995 10429037 4771224 5513225 5188013 9733539 10771539 11012328 5116038 10204460 4730478 10478734
8804840 10226149 9845990 3229356 6278018 9957272 4661257 9571539 10164837 0 5073896 2099662 4151194 3451007 6093390 5458078 4979256 1512164 4543159 4478550 7145829 2001839 5528637 3440617
9568247 6784589 7423565 2411547 4021120 6335707 9440775 5865388 7137729 5073896 0 7025561 8578321 7614430 2404264 1738965 3397437 3814301 8566101 8641399 7113508 6462682 4328692 7634748
8392352 11383088 10647582 5326596 7402457 11194119 2565577 10858736 11171451 2099662 7025561 0 2244325 1904223 7653677 7115407 6163485 3610727 2877978 2721594 7289014 999556 6443829 1866828
7206767 11742768 10629543 7255796 7929557 11655015 1264529 11391576 11363995 4151194 8578321 2244325 0 1014383 8657823 8266773 6866398 5626133 904358 630548 6772825 2211349 6835031 979353
6708215 10780966 9734920 6415478 6935652 10678877 2186521 10406181 10429037 3451007 7614430 1904223 1014383 0 7643630 7257532 5856501 4855636 1092434 1062886 5988995 1449610 5850733 54938
7798115 4508224 5019787 4425874 1854399 4114207 9732055 3668537 4771224 6093390 2404264 7653677 8657823 7643630 0 754076 1965703 5276932 8394341 8544878 5287019 6848698 2611180 7678798
8065840 5262289 5712563 3671807 2303820 4866138 9291616 4417651 5513225 5458078 1738965 7115407 8266773 7257532 754076 0 1954546 4564518 8072944 8202699 5567203 6359745 2789696 7288916
6177704 5268235 4962617 4464679 1298992 5041583 8005230 4695852 5188013 4979256 3397437 6163485 6866398 5856501 1965703 1954546 0 4630593 6523196 6694217 3716620 5260872 949624 5896577
9452543 9664675 9592158 1734829 5888084 9331308 6173410 8908987 9733539 1512164 3814301 3610727 5626133 4855636 5276932 4564518 4630593 0 5942599 5907580 7490733 3430941 5379977 4852587
6325538 11201022 9979579 7479538 7494823 11148105 2064649 10912003 10771539 4543159 8566101 2877978 904358 1092434 8394341 8072944 6523196 5942599 0 290842 6030122 2541416 6376597 1103165
6616128 11429414 10233688 7478137 7692689 11367585 1775035 11124262 11012328 4478550 8641399 2721594 630548 1062886 8544878 8202699 6694217 5907580 290842 0 6302763 2482286 6579584 1058960
2511162 5766033 4119455 7889819 3472702 5901206 8035195 5840527 5116038 7145829 7113508 7289014 6772825 5988995 5287019 5567203 3716620 7490733 6030122 6302763 0 6298776 2791768 6043552
7489126 10439889 9659536 5044450 6472603 10267727 2980830 9945133 10204460 2001839 6462682 999556 2211349 1449610 6848698 6359745 5260872 3430941 2541416 2482286 6298776 0 5485032 1438788
5278629 4964860 4317864 5369306 1128729 4831808 8034789 4556639 4730478 5528637 4328692 6443829 6835031 5850733 2611180 2789696 949624 5379977 6376597 6579584 2791768 5485032 0 5896340
6761275 10828669 9786666 6419827 6979699 10725163 2139540 10451340 10478734 3440617 7634748 1866828 979353 54938 7678798 7288916 5896577 4852587 1103165 1058960 6043552 1438788 5896340 0
