0 608139 756724 218779 679954 455688 246260 366594 784019 637620 488666 181064 192688 296828 238773 629250 514995 275931 678882 230098 702789 786201 67009 651503 464754 188887 713177 538345 84965 489477 387085 359707 293508 659983 756531 293637 694634 504709 538594 38580 210988 551574 111939 667995 493402 225743 343106 618476 348547 106598 102174
0 1737314 909361 1178542 1300650 391639 1196978 349822 59359 1518596 153891 56851 1484501 1762519 55240 363304 1546701 637465 958602 1063110 1273868 1335881 1007567 703956 1599159 618268 333707 1626868 840578 867854 50558 1773460 1114344 318950 819495 875755 784832 1276645 897236 141661 1688878 1718709 201952 1673009 975194 1124437 1539424 760349 1383871 130936 598616
0 5941380 5377807 4566432 1482605 3214612 3328726 2744913 5132658 4736305 5208684 5958166 2042262 4095387 2038708 5230228 3792088 3488715 815031 6320555 1620065 2257029 564986 5298696 2433152 2194117 3958664 2866748 4514915 3733123 5733520 3574145 3675976 2605238 5254843 2750970 4369568 4481584 4744430 2066178 5112637 3027423 1046881 1208703 996301 1590634 5015842 4867593 2854617 4432442 5946093
5941380 0 2317344 10507147 7423839 8732271 5548279 3546216 9425875 8132507 11057622 11892884 5412842 8452495 6941737 4769582 4018518 7870248 5139899 9169105 4805484 8187952 5866907 10945815 7657019 5398394 8330992 8454239 4179678 4324324 8256987 5636571 7134485 7011196 11187299 8129514 8710053 4314323 2408937 7057022 8067274 8022696 6906962 4735510 6625100 6965215 8463448 2836255 5391394 5780716 11806062
5377807 2317344 0 9724123 6774969 7531364 6310476 2633774 9858826 8831188 10559808 11179249 5690746 8808463 5690721 6310123 2175185 8176628 4588139 7065057 3853933 7427032 5090258 10671844 6419567 4030681 6685239 8204191 2041423 5362148 6145334 6476004 7717829 7227224 10327519 7997579 7016863 2183039 633697 5817805 8915568 6640870 6424316 4329103 5748555 6771775 9167527 4450014 5993174 6897571 11284960
4566432 10507147 9724123 0 3085445 2694554 6674676 7171112 5219814 6147954 1509282 1468104 5763980 4849515 4231474 8927604 7776382 4752144 5368688 7260928 5887226 2327556 4687992 2460095 3604513 5803806 4647974 2815893 8363219 7668996 7248001 6843854 5789801 4767932 743439 3313419 4756269 8277638 9107319 4107262 6726880 3768979 3653503 5774430 3980874 3930004 6200682 9174522 6370849 7607928 1919806
1482605 7423839 6774969 3085445 0 2231963 4126467 4162956 4641242 4723938 3786273 4478150 2969956 3736558 2065043 6270864 5006228 3256805 2291404 6343362 2927709 809424 1685901 4010490 1965934 3137257 3665940 1834364 5680225 4860800 5944500 4345906 3875439 2665222 3781678 1970270 4014848 5622126 6145653 2000385 5214496 2552644 672170 2689343 1153340 1414706 4933573 6204558 3716850 5198871 4510206
3214612 8732271 7531364 2694554 2231963 0 6319603 5201175 6522188 6864644 4077441 4090057 5103300 5757238 1842061 8391015 5433087 5366255 3822149 4725307 3926938 1700432 3005968 4792308 1111811 3500724 2002462 3567134 5925404 6922596 4600570 6547172 6087307 4879026 3055899 3908140 2195776 5822768 6953979 1716185 7383160 1083554 2863592 4277373 2256970 3643359 7041786 8061085 5887100 7407261 4602992
3328726 5548279 6310476 6674676 4126467 6319603 0 4266102 3915232 2591907 6579634 7729709 1288415 3024494 5366586 2255828 5792296 2539001 3236968 9559320 4092300 4860063 3812597 6103241 5721154 5064383 7287383 3931016 6512284 1305365 8890023 248513 1609505 1977818 7417136 3454331 7697877 6547850 5771150 5394519 2607880 6330256 3465277 2987065 4292523 2818371 2926404 3069325 484584 1105380 7292287
2744913 3546216 2633774 7171112 4162956 5201175 4266102 0 7413025 6570219 7939712 8609727 3338550 6348979 3396410 5099393 1533371 5710324 1955879 6196867 1298290 4850573 2490120 8038275 4115236 1888660 4862318 5576007 2246246 3732648 5353397 4481676 5428410 4748704 7807943 5387320 5260856 2283688 2000131 3512818 6759737 4478736 3790962 1732778 3196637 4163300 6897755 3756856 3849433 5122906 8670343
5132658 9425875 9858826 5219814 4641242 6522188 3915232 7413025 0 1584464 4265475 5564552 4171162 1065232 6678943 5677760 8770308 1703725 5652536 10980124 6646243 4848795 5677388 3329937 6588180 7326173 8268854 2956442 9516724 5212275 10577969 3883099 2305933 2665304 5816669 2678656 8585835 9506887 9258522 6627724 2047235 7142475 4367751 5714066 5606035 3564007 1389667 6964070 4034986 4137670 4747723
4736305 8132507 8831188 6147954 4723938 6864644 2591907 6570219 1584464 0 5475220 6766845 3232227 1307621 6584931 4121099 8033141 1503182 5051984 10960035 6041223 5171083 5301070 4667254 6668969 6869909 8367884 3461176 8777682 3826456 10440671 2497228 1142617 2149733 6824195 3016695 8731150 8789649 8263699 6563173 580772 7269949 4254315 4990863 5447563 3376509 337061 5532566 2842231 2598721 6056556
5208684 11057622 10559808 1509282 3786273 4077441 6579634 7939712 4265475 5475220 0 1301755 5915188 4181662 5380137 8811461 8756243 4282315 6020951 8735117 6713756 3211719 5472172 1058721 4843846 6822015 6071808 2700861 9398794 7729456 8674974 6703921 5394783 4601820 1761991 3140720 6213655 9327789 9929460 5265338 6050094 5112782 4180910 6367576 4869751 4136834 5450771 9374294 6371046 7366302 749481
5958166 11892884 11179249 1468104 4478150 4090057 7729709 8609727 5564552 6766845 1301755 0 6954911 5467564 5695183 9979438 9243881 5530588 6769413 8463042 7334026 3759399 6120561 2288245 5054527 7271721 5968925 3800055 9830895 8822254 8540350 7871289 6633033 5761248 1081398 4276669 6023208 9744756 10559629 5570206 7343552 5173497 4993154 7158637 5431153 5127756 6749387 10408437 7481865 8571167 994560
2042262 5412842 5690746 5763980 2969956 5103300 1288415 3338550 4171162 3232227 5915188 6954911 0 3130833 4078894 3302619 4807668 2510553 1992541 8286634 2913492 3748216 2525645 5627165 4450092 3845175 6000327 3215943 5549855 1914606 7635897 1535414 2089998 1603346 6504575 2811415 6411804 5565879 5097010 4108437 3450944 5055307 2297791 1814522 3015193 1836955 3559209 3461007 812456 2390426 6656710
4095387 8452495 8808463 4849515 3736558 5757238 3024494 6348979 1065232 1307621 4181662 5467564 3130833 0 5729009 4995037 7706296 638742 4592389 10072892 5588091 4058091 4647289 3421802 5701882 6289061 7399344 2238570 8452998 4329146 9629369 3036859 1457067 1600498 5519253 1849261 7737356 8444186 8204526 5687338 1888297 6279190 3389598 4648884 4628148 2551768 1358437 6093634 3072712 3454211 4785542
2038708 6941737 5690721 4231474 2065043 1842061 5366586 3396410 6678943 6584931 5380137 5695183 4078894 5729009 0 7190060 3612281 5193486 2340438 4375112 2164999 2232928 1584124 5847155 731473 1660478 1922379 3891962 4149033 5671679 3901579 5612439 5601429 4440284 4740735 4026970 2337194 4056990 5111922 128492 7018209 1126103 2347642 2769674 1141715 3218015 6831721 6550935 4890484 6469234 6021698
5230228 4769582 6310123 8927604 6270864 8391015 2255828 5099393 5677760 4121099 8811461 9979438 3302619 4995037 7190060 0 6564742 4635538 4871107 11073691 5466101 7039536 5608469 8275834 7661217 6475270 9091332 6183804 7179902 1521970 10305788 2109144 3550173 4218861 9670513 5702792 9512577 7256097 5929242 7243598 3824584 8245816 5598988 4485626 6226529 5040072 4395266 1942123 2577316 1546894 9512801
3792088 4018518 2175185 7776382 5006228 5433087 5792296 1533371 8770308 8033141 8756243 9243881 4807668 7706296 3612281 6564742 0 7070146 3132589 5169066 2174319 5553395 3363542 9009079 4327472 1974616 4511597 6646425 747969 5247069 4266984 6010964 6891087 6113531 8332313 6541126 4849211 759163 1705775 3740768 8252556 4496428 4801678 3066943 3887336 5350909 8355012 5054631 5366240 6655483 9453514
3488715 7870248 8176628 4752144 3256805 5366255 2539001 5710324 1703725 1503182 4282315 5530588 2510553 638742 5193486 4635538 7070146 0 3961292 9557911 4958682 3670043 4046093 3649389 5217757 5678756 6919370 1987203 7817160 3828906 9084748 2589926 1117009 961757 5456547 1522990 7271653 7809502 7570697 5159818 2048023 5809424 2845845 4010924 4074483 1982928 1680729 5589299 2522498 3127343 4941534
815031 5139899 4588139 5368688 2291404 3822149 3236968 1955879 5652536 5051984 6020951 6769413 1992541 4592389 2340438 4871107 3132589 3961292 0 6330774 999585 3048182 817550 6084218 2898909 1856624 4221987 3621235 3874199 3349200 5653297 3484674 3933219 3017558 6047951 3450338 4643852 3858068 3954485 2408285 5357301 3438848 1846474 455226 1572920 2236111 5356280 4254800 2753236 4302721 6759634
6320555 9169105 7065057 7260928 6343362 4725307 9559320 6196867 10980124 10960035 8735117 8463042 8286634 10072892 4375112 11073691 5169066 9557911 6330774 0 5609147 6206087 5782713 9511473 4394029 4598718 2756129 8076985 5032758 9575734 919724 9807758 9964696 8814421 7383213 8301916 2532887 4892279 6779816 4400207 11388582 3868613 6715957 6642956 5513800 7590537 11205482 9946687 9074740 10633365 9167281
1620065 4805484 3853933 5887226 2927709 3926938 4092300 1298290 6646243 6041223 6713756 7334026 2913492 5588091 2164999 5466101 2174319 4958682 999585 5609147 0 3576455 1242477 6885489 2861785 1011216 3826957 4483246 2904344 3967212 4863733 4334857 4915318 4016985 6515104 4366948 4243930 2878928 3228820 2272418 6330105 3280338 2645192 1107402 1906761 3179556 6348787 4513759 3618324 5109177 7434336
2257029 8187952 7427032 2327556 809424 1700432 4860063 4850573 4848795 5171083 3211719 3759399 3748216 4058091 2232928 7039536 5553395 3670043 3048182 6206087 3576455 0 2362752 3614658 1858318 3610480 3457104 1896004 6187778 5651200 5919858 5069906 4437278 3241168 2999979 2209858 3749103 6116108 6804477 2131692 5697243 2337477 1463943 3464669 1682017 2063976 5342869 7013743 4470861 5910005 3900227
564986 5866907 5090258 4687992 1685901 3005968 3812597 2490120 5677388 5301070 5472172 6120561 2525645 4647289 1584124 5608469 3363542 4046093 817550 5782713 1242477 2362752 0 5653829 2091700 1653524 3500562 3291400 4065912 4092382 5178601 4060329 4236721 3169623 5340632 3230172 3918364 4021857 4462010 1635184 5673993 2649183 1446318 1272351 769069 2118860 5580807 5070462 3331413 4908948 6194856
5298696 10945815 10671844 2460095 4010490 4792308 6103241 8038275 3329937 4667254 1058721 2288245 5627165 3421802 5847155 8275834 9009079 3649389 6084218 9511473 6885489 3614658 5653829 0 5404464 7142376 6791594 2500022 9690145 7327864 9374871 6194723 4760860 4158544 2812338 2825496 6978588 9632616 10038147 5743835 5227088 5760844 4252400 6375713 5155977 3987483 4599207 9037055 5964254 6776719 1417876
2433152 7657019 6419567 3604513 1965934 1111811 5721154 4115236 6588180 6668969 4843846 5054527 4450092 5701882 731473 7661217 4327472 5217757 2898909 4394029 2861785 1858318 2091700 5404464 0 2388914 1701620 3689019 4839070 6156864 4064066 5961327 5760520 4562729 4068555 3909524 2064352 4741085 5842825 607429 7140656 616226 2433251 3347124 1439025 3303565 6889568 7150520 5259283 6825855 5448809
2194117 5398394 4030681 5803806 3137257 3500724 5064383 1888660 7326173 6869909 6822015 7271721 3845175 6289061 1660478 6475270 1974616 5678756 1856624 4598718 1011216 3610480 1653524 7142376 2388914 0 2975211 4888524 2577833 4978365 3855419 5309691 5767838 4774608 6358326 4868092 3377399 2505965 3456985 1787955 7199641 2651731 3066429 2083550 1986607 3771991 7163935 5455511 4584724 6100651 7506241
3958664 8330992 6685239 4647974 3665940 2002462 7287383 4862318 8268854 8367884 6071808 5968925 6000327 7399344 1922379 9091332 4511597 6919370 4221987 2756129 3826957 3457104 3500562 6791594 1701620 2975211 0 5340553 4790760 7569973 2603822 7532739 7442039 6252004 4896228 5592773 422514 4663074 6198308 1894085 8833619 1126645 4121762 4627425 3019059 4996901 8590742 8333788 6812256 8390751 6567562
2866748 8454239 8204191 2815893 1834364 3567134 3931016 5576007 2956442 3461176 2700861 3800055 3215943 2238570 3891962 6183804 6646425 1987203 3621235 8076985 4483246 1896004 3291400 2500022 3689019 4888524 5340553 0 7356401 5037351 7737803 4078757 2979078 1973950 3544165 497653 5642960 7313255 7571110 3819520 4024366 4215110 1845956 3887671 2950343 1489617 3579369 6673626 3686718 4810130 3440818
4514915 4179678 2041423 8363219 5680225 5925404 6512284 2246246 9516724 8777682 9398794 9830895 5549855 8452998 4149033 7179902 747969 7817160 3874199 5032758 2904344 6187778 4065912 9690145 4839070 2577833 4790760 7356401 0 5912137 4113673 6726869 7635343 6861018 8889706 7265878 5087778 141629 1770773 4276530 8991072 4933121 5510456 3814912 4544086 6083893 9100329 5577070 6093774 7349484 10083994
3733123 4324324 5362148 7668996 4860800 6922596 1305365 3732648 5212275 3826456 7729456 8822254 1914606 4329146 5671679 1521970 5247069 3828906 3349200 9575734 3967212 5651200 4092382 7327864 6156864 4978365 7569973 5037351 5912137 0 8823952 1336301 2909838 3169395 8411039 4589328 7991389 5972618 4885751 5727363 3743269 6735506 4190874 2965913 4727899 3739180 4152611 1764611 1365015 1537238 8458461
5733520 8256987 6145334 7248001 5944500 4600570 8890023 5353397 10577969 10440671 8674974 8540350 7635897 9629369 3901579 10305788 4266984 9084748 5653297 919724 4863733 5919858 5178601 9374871 4064066 3855419 2603822 7737803 4113673 8823952 0 9137483 9406928 8291261 7461002 7914693 2518749 3973344 5863767 3950253 10841284 3621583 6242356 5931426 5010500 7102742 10701809 9110040 8406502 9945238 9167776
3574145 5636571 6476004 6843854 4345906 6547172 248513 4481676 3883099 2497228 6703921 7871289 1535414 3036859 5612439 2109144 6010964 2589926 3484674 9807758 4334857 5069906 4060329 6194723 5961327 5309691 7532739 4078757 6726869 1336301 9137483 0 1591712 2110115 7585092 3595067 7942686 6764971 5946736 5639480 2463478 6571342 3688507 3230720 4534820 3018448 2827023 3081064 733028 865055 7409012
3675976 7134485 7717829 5789801 3875439 6087307 1609505 5428410 2305933 1142617 5394783 6633033 2089998 1457067 5601429 3550173 6891087 1117009 3933219 9964696 4915318 4437278 4236721 4760860 5760520 5767838 7442039 2979078 7635343 2909838 9406928 1591712 0 1210302 6509186 2484969 7822194 7647913 7142175 5592117 1437627 6372674 3327636 3854291 4459907 2468041 1469618 4668174 1761076 2022357 6058286
2605238 7011196 7227224 4767932 2665222 4879026 1977818 4748704 2665304 2149733 4601820 5761248 1603346 1600498 4440284 4218861 6113531 961757 3017558 8814421 4016985 3241168 3169623 4158544 4562729 4774608 6252004 1973950 6861018 3169395 8291261 2110115 1210302 0 5504404 1485849 6626618 6855545 6617832 4422595 2583203 5172452 2130591 3051102 3300649 1261487 2415346 4888113 1805910 2840637 5316137
5254843 11187299 10327519 743439 3781678 3055899 7417136 7807943 5816669 6824195 1761991 1081398 6504575 5519253 4740735 9670513 8332313 5456547 6047951 7383213 6515104 2999979 5340632 2812338 4068555 6358326 4896228 3544165 8889706 8411039 7461002 7585092 6509186 5504404 0 4041704 4943145 8797341 9717744 4613425 7404625 4137313 4370839 6463371 4611352 4671867 6860157 9907575 7114283 8344995 1880798
2750970 8129514 7997579 3313419 1970270 3908140 3454331 5387320 2678656 3016695 3140720 4276669 2811415 1849261 4026970 5702792 6541126 1522990 3450338 8301916 4366948 2209858 3230172 2825496 3909524 4868092 5592773 497653 7265878 4589328 7914693 3595067 2484969 1485849 4041704 0 5916495 7231893 7367201 3967936 3570182 4467119 1804363 3668532 3003216 1225828 3157966 6252680 3230380 4316355 3869772
4369568 8710053 7016863 4756269 4014848 2195776 7697877 5260856 8585835 8731150 6213655 6023208 6411804 7737356 2337194 9512577 4849211 7271653 4643852 2532887 4243930 3749103 3918364 6978588 2064352 3377399 422514 5642960 5087778 7991389 2518749 7942686 7822194 6626618 4943145 5916495 0 4956538 6545710 2303415 9204999 1462313 4496412 5049914 3419921 5367896 8947476 8753086 7224071 8801980 6672820
4481584 4314323 2183039 8277638 5622126 5822768 6547850 2283688 9506887 8789649 9327789 9744756 5565879 8444186 4056990 7256097 759163 7809502 3858068 4892279 2878928 6116108 4021857 9632616 4741085 2505965 4663074 7313255 141629 5972618 3973344 6764971 7647913 6855545 8797341 7231893 4956538 0 1905894 4184033 9011559 4823039 5467859 3815438 4481320 6056938 9110716 5672841 6124112 7398940 10009134
4744430 2408937 633697 9107319 6145653 6953979 5771150 2000131 9258522 8263699 9929460 10559629 5097010 8204526 5111922 5929242 1705775 7570697 3954485 6779816 3228820 6804477 4462010 10038147 5842825 3456985 6198308 7571110 1770773 4885751 5863767 5946736 7142175 6617832 9717744 7367201 6545710 1905894 0 5237973 8368145 6090482 5790841 3698739 5128524 6141378 8599152 4136749 5434587 6412056 10655858
2066178 7057022 5817805 4107262 2000385 1716185 5394519 3512818 6627724 6563173 5265338 5570206 4108437 5687338 128492 7243598 3740768 5159818 2408285 4400207 2272418 2131692 1635184 5743835 607429 1787955 1894085 3819520 4276530 5727363 3950253 5639480 5592117 4422595 4613425 3967936 2303415 4184033 5237973 0 7003620 1037475 2315863 2843447 1136051 3190539 6805590 6633436 4920757 6498566 5903176
5112637 8067274 8915568 6726880 5214496 7383160 2607880 6759737 2047235 580772 6050094 7343552 3450944 1888297 7018209 3824584 8252556 2048023 5357301 11388582 6330105 5697243 5673993 5227088 7140656 7199641 8833619 4024366 8991072 3743269 10841284 2463478 1437627 2583203 7404625 3570182 9204999 9011559 8368145 7003620 0 7747323 4711938 5252229 5876838 3837351 657764 5379739 2939633 2367957 6623097
3027423 8022696 6640870 3768979 2552644 1083554 6330256 4478736 7142475 7269949 5112782 5173497 5055307 6279190 1126103 8245816 4496428 5809424 3438848 3868613 3280338 2337477 2649183 5760844 616226 2651731 1126645 4215110 4933121 6735506 3621583 6571342 6372674 5172452 4137313 4467119 1462313 4823039 6090482 1037475 7747323 0 3045052 3878043 2040217 3911888 7485199 7670839 5865895 7435392 5666690
1046881 6906962 6424316 3653503 672170 2863592 3465277 3790962 4367751 4254315 4180910 4993154 2297791 3389598 2347642 5598988 4801678 2845845 1846474 6715957 2645192 1463943 1446318 4252400 2433251 3066429 4121762 1845956 5510456 4190874 6242356 3688507 3327636 2130591 4370839 1804363 4496412 5467859 5790841 2315863 4711938 3045052 0 2188419 1239830 877809 4491060 5562611 3048742 4545872 4923298
1208703 4735510 4329103 5774430 2689343 4277373 2987065 1732778 5714066 4990863 6367576 7158637 1814522 4648884 2769674 4485626 3066943 4010924 455226 6642956 1107402 3464669 1272351 6375713 3347124 2083550 4627425 3887671 3814912 2965913 5931426 3230720 3854291 3051102 6463371 3668532 5049914 3815438 3698739 2843447 5252229 3878043 2188419 0 2027190 2442707 5306646 3803751 2511514 4017255 7111175
996301 6625100 5748555 3980874 1153340 2256970 4292523 3196637 5606035 5447563 4869751 5431153 3015193 4628148 1141715 6226529 3887336 4074483 1572920 5513800 1906761 1682017 769069 5155977 1439025 1986607 3019059 2950343 4544086 4727899 5010500 4534820 4459907 3300649 4611352 3003216 3419921 4481320 5128524 1136051 5876838 2040217 1239830 2027190 0 2092251 5698835 5804383 3826179 5397898 5573083
1590634 6965215 6771775 3930004 1414706 3643359 2818371 4163300 3564007 3376509 4136834 5127756 1836955 2551768 3218015 5040072 5350909 1982928 2236111 7590537 3179556 2063976 2118860 3987483 3303565 3771991 4996901 1489617 6083893 3739180 7102742 3018448 2468041 1261487 4671867 1225828 5367896 6056938 6141378 3190539 3837351 3911888 877809 2442707 2092251 0 3615051 5280808 2463890 3849564 4885107
5015842 8463448 9167527 6200682 4933573 7041786 2926404 6897755 1389667 337061 5450771 6749387 3559209 1358437 6831721 4395266 8355012 1680729 5356280 11205482 6348787 5342869 5580807 4599207 6889568 7163935 8590742 3579369 9100329 4152611 10701809 2827023 1469618 2415346 6860157 3157966 8947476 9110716 8599152 6805590 657764 7485199 4491060 5306646 5698835 3615051 0 5848782 3179220 2889788 6003534
4867593 2836255 4450014 9174522 6204558 8061085 3069325 3756856 6964070 5532566 9374294 10408437 3461007 6093634 6550935 1942123 5054631 5589299 4254800 9946687 4513759 7013743 5070462 9037055 7150520 5455511 8333788 6673626 5577070 1764611 9110040 3081064 4668174 4888113 9907575 6252680 8753086 5672841 4136749 6633436 5379739 7670839 5562611 3803751 5804383 5280808 5848782 0 3090162 3026636 10113742
2854617 5391394 5993174 6370849 3716850 5887100 484584 3849433 4034986 2842231 6371046 7481865 812456 3072712 4890484 2577316 5366240 2522498 2753236 9074740 3618324 4470861 3331413 5964254 5259283 4584724 6812256 3686718 6093774 1365015 8406502 733028 1761076 1805910 7114283 3230380 7224071 6124112 5434587 4920757 2939633 5865895 3048742 2511514 3826179 2463890 3179220 3090162 0 1578947 7097185
4432442 5780716 6897571 7607928 5198871 7407261 1105380 5122906 4137670 2598721 7366302 8571167 2390426 3454211 6469234 1546894 6655483 3127343 4302721 10633365 5109177 5910005 4908948 6776719 6825855 6100651 8390751 4810130 7349484 1537238 9945238 865055 2022357 2840637 8344995 4316355 8801980 7398940 6412056 6498566 2367957 7435392 4545872 4017255 5397898 3849564 2889788 3026636 1578947 0 8049680
5946093 11806062 11284960 1919806 4510206 4602992 7292287 8670343 4747723 6056556 749481 994560 6656710 4785542 6021698 9512801 9453514 4941534 6759634 9167281 7434336 3900227 6194856 1417876 5448809 7506241 6567562 3440818 10083994 8458461 9167776 7409012 6058286 5316137 1880798 3869772 6672820 10009134 10655858 5903176 6623097 5666690 4923298 7111175 5573083 4885107 6003534 10113742 7097185 8049680 0
