0 565770 223415 277752 294372 17204 748399 661688 386336 247673 587689 375282 763087 43181 250272 718995 618476 106058 563179 429734 255799 622157 413790 152214 169213 275867 799154
0 801294 1722567 1049351 50337 948957 641626 9401 254133 893929 1309981 657231 445869 47664 974536 1579932 105195 395634 1462126 725246 1119876 99372 565554 670085 1088413 744148 1552192
3011362 2380552 8217860 9581654 6662488 6301475 4339497 6221871 7447838 2636678 6802662 5854809 3250862 8565877 5368773 9541000 791885 956266 7758238 1257126 2593180 5491740 7058283 5506440 5693275 7613685 7367868
3854417 0 5875489 7213503 5348291 4393649 4436810 4529672 6486153 4813872 4509522 3595021 1048031 7080682 5338381 7189224 2825773 3298654 5875785 3632553 666098 3123476 4829376 4667102 5604619 5287434 5533509
9191120 5875489 0 2523820 5153092 5098639 8966412 5826965 6509578 10342418 3102232 3627705 4976328 5224111 9425472 2851792 8699682 9074221 3258316 9437424 5924806 2771986 3557870 7800111 9532195 2661029 3421128
9811166 7213503 2523820 0 7649255 4659021 9175569 5348664 9026441 11978887 2974494 3913421 6545218 7716000 9368124 445313 9900240 10511596 5774398 10838484 7037296 4261323 3035016 7571708 9387937 2110260 5944816
9123864 5348291 5153092 7649255 0 8084582 9774211 8610086 1460077 7569893 6739125 6452823 4432528 1933580 10634943 7926195 7427225 7096059 2223918 7473415 5908864 4591546 7308165 9656620 10878794 6931519 1868706
5502422 4393649 5098639 4659021 8084582 0 4599004 734458 9512093 8935392 2005080 1692067 4437301 9180285 4711680 4380980 6309616 7243934 7310874 7472921 3856712 3538236 1669848 2913823 4729546 2685246 7191696
1592281 4436810 8966412 9175569 9774211 4599004 0 4036046 10918106 6504946 6257379 5431324 5357120 11442629 1029302 8939465 3768624 4921969 10019728 4911167 3868653 6439372 6142500 2014594 1355429 7091195 9734801
5082215 4529672 5826965 5348664 8610086 734458 4036046 0 10017428 8854971 2738375 2345249 4734703 9787550 4053611 5051226 6138322 7141215 7952331 7338044 3932425 4133431 2395241 2235422 4048688 3411782 7813059
10127231 6486153 6509578 9026441 1460077 9512093 10918106 10017428 0 7889776 8198730 7896158 5661447 2079854 11822029 9321829 8235954 7724535 3368782 8080715 7092414 6041198 8767401 10955134 12081775 8386089 3108131
4950271 4813872 10342418 11978887 7569893 8935392 6504946 8854971 7889776 0 9322016 8396356 5447761 9486278 7500504 11981791 2832921 1721859 9197166 1610505 5164147 7758113 9620891 7982184 7831411 10098909 8775809
6836760 4509522 3102232 2974494 6739125 2005080 6257379 2738375 8198730 9322016 0 964317 4080076 7548828 6549175 2822762 7036839 7753380 5593675 8053561 4212009 2231732 572628 4820666 6611154 866121 5546107
5914082 3595021 3627705 3913421 6452823 1692067 5431324 2345249 7896158 8396356 964317 0 3272699 7491168 5814361 3781924 6074677 6807967 5620043 7102304 3261730 1868697 1239035 4173957 5909656 1820499 5500206
4887218 1048031 4976328 6545218 4432528 4437301 5357120 4734703 5661447 5447761 4080076 3272699 0 6094117 6202570 6574620 3796567 4098535 4830888 4461174 1490964 2310894 4495368 5310114 6447046 4765999 4493928
10915340 7080682 5224111 7716000 1933580 9180285 11442629 9787550 2079854 9486278 7548828 7491168 6094117 0 12247139 8069780 9320278 9025153 2000145 9403785 7584593 5654177 8116953 11108435 12468873 7524895 2003984
2554151 5338381 9425472 9368124 10634943 4711680 1029302 4053611 11822029 7500504 6549175 5814361 6202570 12247139 0 9091631 4791321 5940880 10739486 5916998 4733907 7041624 6347380 1823642 331142 7339931 10477614
9635882 7189224 2851792 445313 7926195 4380980 8939465 5051226 9321829 11981791 2822762 3781924 6574620 8069780 9091631 0 9826298 10479899 6110060 10797825 6973304 4328023 2804223 7283712 9099118 1961582 6260617
2326948 2825773 8699682 9900240 7427225 6309616 3768624 6138322 8235954 2832921 7036839 6074677 3796567 9320278 4791321 9826298 0 1159846 8444400 1232211 2865146 5938878 7235306 5149384 5120923 7874776 8062796
3439581 3298654 9074221 10511596 7096059 7243934 4921969 7141215 7724535 1721859 7753380 6807967 4098535 9025153 5940880 10479899 1159846 0 8390866 387675 3547192 6379600 8013837 6287707 6271235 8559452 7986612
9712804 5875785 3258316 5774398 2223918 7310874 10019728 7952331 3368782 9197166 5593675 5620043 4830888 2000145 10739486 6110060 8444400 8390866 0 8778539 6265424 3850682 6156442 9448246 10932292 5530956 425449
3380617 3632553 9437424 10838484 7473415 7472921 4911167 7338044 8080715 1610505 8053561 7102304 4461174 9403785 5916998 10797825 1232211 387675 8778539 0 3841641 6730776 8297702 6375961 6248135 8868452 8374221
3461927 666098 5924806 7037296 5908864 3856712 3868653 3932425 7092414 5164147 4212009 3261730 1490964 7584593 4733907 6973304 2865146 3547192 6265424 3841641 0 3154478 4468255 4002654 4989561 5032138 5947266
6483542 3123476 2771986 4261323 4591546 3538236 6439372 4133431 6041198 7758113 2231732 1868697 2310894 5654177 7041624 4328023 5938878 6379600 3850682 6730776 3154478 0 2777723 5629587 7202087 2681962 3685041
6849396 4829376 3557870 3035016 7308165 1669848 6142500 2395241 8767401 9620891 572628 1239035 4495368 8116953 6347380 2804223 7235306 8013837 6156442 8297702 4468255 2777723 0 4571239 6382502 1016544 6115053
3416020 4667102 7800111 7571708 9656620 2913823 2014594 2235422 10955134 7982184 4820666 4173957 5310114 11108435 1823642 7283712 5149384 6287707 9448246 6375961 4002654 5629587 4571239 0 1816309 5577469 9232691
2884272 5604619 9532195 9387937 10878794 4729546 1355429 4048688 12081775 7831411 6611154 5909656 6447046 12468873 331142 9099118 5120923 6271235 10932292 6248135 4989561 7202087 6382502 1816309 0 7384449 10678835
7701264 5287434 2661029 2110260 6931519 2685246 7091195 3411782 8386089 10098909 866121 1820499 4765999 7524895 7339931 1961582 7874776 8559452 5530956 8868452 5032138 2681962 1016544 5577469 7384449 0 5549645
9381021 5533509 3421128 5944816 1868706 7191696 9734801 7813059 3108131 8775809 5546107 5500206 4493928 2003984 10477614 6260617 8062796 7986612 425449 8374221 5947266 3685041 6115053 9232691 10678835 5549645 0
