0 401986 583492 284558 322119 729445 162218 465755 65135 394945 391409 380990 606519 758929 792292 397040 269039 633006 481953 113222 389700 134756 705088 632800
0 165944 373993 1507924 212327 448916 592256 118714 584456 34789 523091 1159403 105416 288583 1425791 812042 595672 25049 424249 177402 178136 335692 376890 404414
2141447 7072363 9112327 7353158 9753212 9381838 9871437 8459172 9392476 9560768 2473264 7355148 9722687 5880578 8404147 8537693 9719222 1295888 8565174 1815585 3404910 4624558 11991294 9580938
4991690 0 8585598 775264 8506898 3384147 8152745 6117672 6903116 10545334 8469203 1471483 10263631 1468018 10078275 9354275 7942935 8363437 10072576 5325919 4197474 4371312 8331223 6139046
8768637 8585598 0 9360694 970002 7099808 1531792 2717365 2522636 2397930 7910832 10018076 1881235 9018205 2854019 1693545 1579899 9673467 2666347 8035526 6790744 5334522 4600002 3722113
5226671 775264 9360694 0 9279191 3909298 8919612 6886638 7661094 11310538 8920444 737367 11034350 1488256 10824668 10116606 8709914 8649023 10823567 5673538 4710820 5044228 9009286 6868293
9228191 8506898 970002 9279191 0 6662546 630628 2410119 1894013 3180932 8711815 9966720 2588539 9091325 3796463 2644712 759020 10395670 3597799 8552207 7193852 5694900 3652180 3090200
7578498 3384147 7099808 3909298 6662546 0 6138974 4384700 4787341 9418074 10069585 4621882 8969531 4761143 9369700 8374704 5947847 10588075 9284227 7571089 6011684 5252149 5337481 3676807
9210427 8152745 1531792 8919612 630628 6138974 0 2039385 1352298 3810345 8976711 9620839 3219131 8821326 4384985 3225281 209923 10580600 4193816 8580267 7150891 5640491 3070539 2513254
7502306 6117672 2717365 6886638 2410119 4384700 2039385 0 970235 5045824 8010093 7584080 4584995 6794641 5135227 4061008 1829529 9334276 5016166 6977921 5429421 3942265 3558999 1417140
8471424 6903116 2522636 7661094 1894013 4787341 1352298 970235 0 4919839 8833490 8374585 4380457 7672185 5252293 4109134 1161032 10235011 5096519 7937898 6398059 4906892 2712078 1209031
9744209 10545334 2397930 11310538 3180932 9418074 3810345 5045824 4919839 0 7808396 11916989 635170 10752544 1291889 1213206 3910901 9815262 1070322 8896465 7992804 6724607 6759772 6119877
4148818 8469203 7910832 8920444 8711815 10069585 8976711 8010093 8833490 7808396 0 9088118 8092752 7549945 6556546 6955875 8864661 2101097 6752440 3375891 4293197 4832579 11541384 9326669
5213701 1471483 10018076 737367 9966720 4621882 9620839 7584080 8374585 11916989 9088118 0 11661108 1540001 11384001 10715628 9410964 8644759 11393104 5764443 4991729 5507091 9746553 7599037
9767598 10263631 1881235 11034350 2588539 8969531 3219131 4584995 4380457 635170 8092752 11661108 0 10551568 1753272 1187507 3332243 10054883 1514857 8945867 7940754 6606403 6135179 5587553
3746649 1468018 9018205 1488256 9091325 4761143 8821326 6794641 7672185 10752544 7549945 1540001 10551568 0 10120664 9540632 8612996 7175649 10149592 4241107 3475553 4147398 9410784 7080025
8752613 10078275 2854019 10824668 3796463 9369700 4384985 5135227 5252293 1291889 6556546 11384001 1753272 10120664 0 1162220 4429733 8589288 238840 7875874 7130577 5996362 7447547 6389949
8597164 9354275 1693545 10116606 2644712 8374704 3225281 4061008 4109134 1213206 6955875 10715628 1187507 9540632 1162220 0 3267590 8891004 988473 7767434 6803927 5515317 6291552 5265276
9030827 7942935 1579899 8709914 759020 5947847 209923 1829529 1161032 3910901 8864661 9410964 3332243 8612996 4429733 3267590 0 10444600 4245560 8409491 6968222 5457341 3057253 2339867
3432793 8363437 9673467 8649023 10395670 10588075 10580600 9334276 10235011 9815262 2101097 8644759 10054883 7175649 8589288 8891004 10444600 0 8774773 3069638 4578425 5650841 12891324 10534736
8865950 10072576 2666347 10823567 3597799 9284227 4193816 5016166 5096519 1070322 6752440 11393104 1514857 10149592 238840 988473 4245560 8774773 0 7996322 7208970 6040382 7249977 6246903
918723 5325919 8035526 5673538 8552207 7571089 8580267 6977921 7937898 8896465 3375891 5764443 8945867 4241107 7875874 7767434 8409491 3069638 7996322 0 1650865 3041276 10442552 7990269
2074139 4197474 6790744 4710820 7193852 6011684 7150891 5429421 6398059 7992804 4293197 4991729 7940754 3475553 7130577 6803927 6968222 4578425 7208970 1650865 0 1510975 8836718 6372014
3579795 4371312 5334522 5044228 5694900 5252149 5640491 3942265 4906892 6724607 4832579 5507091 6606403 4147398 5996362 5515317 5457341 5650841 6040382 3041276 1510975 0 7406578 4967624
10880765 8331223 4600002 9009286 3652180 5337481 3070539 3558999 2712078 6759772 11541384 9746553 6135179 9410784 7447547 6291552 3057253 12891324 7249977 10442552 8836718 7406578 0 2476086
8407996 6139046 3722113 6868293 3090200 3676807 2513254 1417140 1209031 6119877 9326669 7599037 5587553 7080025 6389949 5265276 2339867 10534736 6246903 7990269 6372014 4967624 2476086 0
