0 620726 276232 651658 220454 136790 88281 488202 694917 568763 438623 211943 435579 114583 370034 330408 49534 472188 21058 576746 272920 229840 344036
0 524800 138500 395429 737992 1567884 1079142 74211 458240 957630 152649 744010 1037639 171969 483249 565278 102226 309938 633007 249071 490803 1037188 630474
2497618 7912055 10016501 7767223 7794486 10179743 7866809 5527717 6354562 7843630 7054448 7397158 5402982 9392299 8649514 5984168 10265744 8717099 7362060 6507409 7491653 6943122 7127217
8736559 0 4187571 4560365 4337617 5174643 2851056 2430451 2730867 852010 5449569 1263872 3898573 3232912 2737988 9231304 5345362 1538114 3068228 10066367 3276883 2576976 2860705
11611503 4187571 0 2754082 2586089 1169289 2188465 5140483 6753816 5028699 4034758 5435001 7728160 955203 6781003 8576123 1335603 2680427 2656248 9306032 2528543 6721562 2910095
9688688 4560365 2754082 0 239215 2482216 1770534 4038560 6319911 5337367 1299670 5501384 6912849 2712630 7258384 5845098 2539571 3652618 1503963 6597225 1284468 6530039 1765101
9671254 4337617 2586089 239215 0 2405720 1534688 3899068 6147889 5121358 1508444 5296641 6771486 2495050 7043172 6043542 2477979 3413836 1294765 6802942 1067842 6344156 1570247
11966594 5174643 1169289 2482216 2405720 0 2723825 5743883 7605403 6026048 3605899 6387087 8483778 2008874 7840578 8021836 173699 3729888 3021593 8698750 2823465 7636167 3328139
9423221 2851056 2188465 1770534 1534688 2723825 0 3025624 4958757 3667181 2883629 3908830 5772179 1544839 5583613 7231920 2870779 1898579 570006 8031767 605856 5062413 740571
6628947 2430451 5140483 4038560 3899068 5743883 3025624 0 2435390 2598237 4356617 2346665 2874290 4304016 4120196 7246151 5885577 3245650 2770223 8078565 2998970 2812405 2451845
6526581 2730867 6753816 6319911 6147889 7605403 4958757 2435390 0 2098542 6774469 1545895 1266417 5810466 2295022 9468351 7766513 4228515 4896948 10285280 5136800 589860 4592773
8426159 852010 5028699 5337367 5121358 6026048 3667181 2598237 2098542 0 6149495 554444 3342208 4075563 1922060 9712666 6196932 2359316 3834472 10549314 4054098 1826347 3599451
9176022 5449569 4034758 1299670 1508444 3605899 2883629 4356617 6774469 6149495 0 6214973 7151601 4003272 8037526 4547562 3624771 4775506 2449170 5297614 2298071 7079845 2599144
7900598 1263872 5435001 5501384 5296641 6387087 3908830 2346665 1545895 554444 6214973 0 2787914 4479895 1842095 9566741 6555498 2801788 4001902 10401808 4232232 1315973 3739055
5313833 3898573 7728160 6912849 6771486 8483778 5772179 2874290 1266417 3342208 7151601 2787914 0 6808994 3385061 9240296 8636536 5331803 5603655 10027581 5839121 1753114 5286490
10862466 3232912 955203 2712630 2495050 2008874 1544839 4304016 5810466 4075563 4003272 4479895 6808994 0 5846742 8522925 2182556 1736101 2097044 9292375 2046037 5768279 2281546
8687564 2737988 6781003 7258384 7043172 7840578 5583613 4120196 2295022 1922060 8037526 1842095 3385061 5846742 0 11366178 8013581 4112441 5754870 12198761 5975700 1706605 5514091
8479507 9231304 8576123 5845098 6043542 8021836 7231920 7246151 9468351 9712666 4547562 9566741 9240296 8522925 11366178 0 8003357 9010530 6698246 836681 6627315 9960144 6715624
12075070 5345362 1335603 2539571 2477979 173699 2870779 5885577 7766513 6196932 3624771 6555498 8636536 2182556 8013581 8003357 0 3903199 3151059 8669983 2947713 7801767 3460471
9853942 1538114 2680427 3652618 3413836 3729888 1898579 3245650 4228515 2359316 4775506 2801788 5331803 1736101 4112441 9010530 3903199 0 2349376 9826668 2478111 4112591 2295396
8992244 3068228 2656248 1503963 1294765 3021593 570006 2770223 4896948 3834472 2449170 4001902 5603655 2097044 5754870 6698246 3151059 2349376 0 7504740 239855 5065994 318559
8983218 10066367 9306032 6597225 6802942 8698750 8031767 8078565 10285280 10549314 5297614 10401808 10027581 9292375 12198761 836681 8669983 9826668 7504740 0 7426192 10782406 7531276
9164219 3276883 2528543 1284468 1067842 2823465 605856 2998970 5136800 4054098 2298071 4232232 5839121 2046037 5975700 6627315 2947713 2478111 239855 7426192 0 5304233 552808
7060278 2576976 6721562 6530039 6344156 7636167 5062413 2812405 589860 1826347 7079845 1315973 1753114 5768279 1706605 9960144 7801767 4112591 5065994 10782406 5304233 0 4774903
8713087 2860705 2910095 1765101 1570247 3328139 740571 2451845 4592773 3599451 2599144 3739055 5286490 2281546 5514091 6715624 3460471 2295396 318559 7531276 552808 4774903 0
