0 111984 300795 38260 302100 658945 540423 714189 501451 582536 295772 180947 786264 145751 467430 443542 52435 18678 386630 204651 353519 446970 161669 659872 669442 412402
0 36292 1054191 360366 1773071 1117716 604755 45011 449374 175818 35045 726526 466073 113065 1295442 1269372 355077 170208 444163 148610 1265135 1214342 1175945 1665941 81615 1650095
1293259 1006987 7664363 5150957 1850617 5729376 2069174 8288420 6882789 6293814 2468382 4227251 6755655 6706301 7280042 5055407 8317547 7257640 4419677 5195692 6507191 6638340 6237343 9443747 1638920 7203798
2220291 0 6807736 4476727 2230584 5342265 3054530 7460334 5882060 6120329 1519970 3254972 6136508 5786402 6347829 5307573 7489213 6251978 3813168 5515380 5920146 5836519 5872108 8570850 2501117 6869513
8382159 6807736 0 7913921 8922710 4230441 9676497 748477 3092044 5581873 5309828 5396475 2535268 1339514 1234418 7548789 772110 3499308 3714740 7956430 2819229 1189459 4361245 1790309 9284398 4751418
6417207 4476727 7913921 0 4349612 8714262 6485541 8661087 5283510 9887480 4414319 2620097 8655784 6575537 6858505 9670308 8683518 5256533 6857742 9919915 8597177 7521863 9236117 9255218 5594512 10215147
2628873 2230584 8922710 4349612 0 7502885 2177581 9603083 7552517 8136082 3627988 4466979 8367031 7809319 8334618 6844350 9631558 7824781 6040966 6949859 8148476 8011447 8022640 10651848 1278784 9004545
5802631 5342265 4230441 8714262 7502885 0 7274751 4391007 6079182 1459690 4447774 6233379 1835394 4397501 4880533 3426999 4414647 6620244 1861339 3828476 1495385 3133860 537952 5711951 7262806 1545395
1473812 3054530 9676497 6485541 2177581 7274751 0 10274841 8934112 7517118 4537462 6135293 8547897 8761220 9339860 5641632 10304058 9292927 6256505 5631893 8268467 8611683 7734703 11463445 899576 8626101
8946450 7460334 748477 8661087 9603083 4391007 10274841 0 3765412 5644367 5979011 6144154 2581960 2085621 1909036 7790412 29222 4134712 4175264 8196521 2907586 1667630 4431599 1332532 9918217 4664205
7960209 5882060 3092044 5283510 7552517 6079182 8934112 3765412 0 7537657 4464982 3202428 4966892 1932385 1861722 8759579 3780127 542353 4630816 9142892 5108313 3348666 6430311 4049950 8300747 7142177
6064448 6120329 5581873 9887480 8136082 1459690 7517118 5644367 7537657 0 5505350 7503025 3070500 5846625 6313859 2610630 5665163 8078999 3164264 2957755 2765166 4542193 1221262 6928243 7676753 1371631
3495475 1519970 5309828 4414319 3627988 4447774 4537462 5979011 4464982 5505350 0 2368489 4886837 4266587 4828436 5381156 6007626 4877165 2681105 5677230 4717731 4384796 4984536 7061990 4021005 5989621
5475263 3254972 5396475 2620097 4466979 6233379 6135293 6144154 3202428 7503025 2368489 0 6043234 4076555 4445253 7719942 6168345 3396685 4375431 8029477 5996857 4916220 6738267 6877015 5385030 7692108
7113342 6136508 2535268 8655784 8367031 1835394 8547897 2581960 4966892 3070500 4886837 6043234 0 3076581 3426296 5261451 2603955 5481428 2338140 5663616 342898 1647679 1852350 3888650 8377061 2249174
7559773 5786402 1339514 6575537 7809319 4397501 8761220 2085621 1932385 5846625 4266587 4076555 3076581 0 602947 7423114 2107982 2421850 3308057 7824388 3253925 1433768 4676504 2867795 8286956 5298008
8152718 6347829 1234418 6858505 8334618 4880533 9339860 1909036 1861722 6313859 4828436 4445253 3426296 602947 0 7982139 1925131 2266885 3890623 8385284 3643524 1794091 5121535 2431896 8848840 5673391
4347181 5307573 7548789 9670308 6844350 3426999 5641632 7790412 8759579 2610630 5381156 7719942 5261451 7423114 7982139 0 7815245 9289428 4154764 407643 4920082 6384051 3549974 9119623 6048625 3981483
8975637 7489213 772110 8683518 9631558 4414647 10304058 29222 3780127 5665163 6007626 6168345 2603955 2107982 1925131 7815245 0 4146810 4203935 8221286 2930307 1696817 4452985 1306678 9947294 4680834
8369016 6251978 3499308 5256533 7824781 6620244 9292927 4134712 542353 8078999 4877165 3396685 5481428 2421850 2266885 9289428 4146810 0 5167804 9670904 5632015 3851277 6967961 4272508 8629801 7669771
4854222 3813168 3714740 6857742 6040966 1861339 6256505 4175264 4630816 3164264 2681105 4375431 2338140 3308057 3890623 4154764 4203935 5167804 0 4548556 2107531 2536981 2378475 5467016 6046096 3362320
4399519 5515380 7956430 9919915 6949859 3828476 5631893 8196521 9142892 2957755 5677230 8029477 5663616 7824388 8385284 407643 8221286 9670904 4548556 0 5322673 6791416 3937303 9525310 6093716 4328801
6825854 5920146 2819229 8597177 8148476 1495385 8268467 2907586 5108313 2765166 4717731 5996857 342898 3253925 3643524 4920082 2930307 5632015 2107531 5322673 0 1849874 1543908 4221226 8120310 2044212
7278820 5836519 1189459 7521863 8011447 3133860 8611683 1667630 3348666 4542193 4384796 4916220 1647679 1433768 1794091 6384051 1696817 3851277 2536981 6791416 1849874 0 3338006 2931792 8272736 3885532
6260919 5872108 4361245 9236117 8022640 537952 7734703 4431599 6430311 1221262 4984536 6738267 1852350 4676504 5121535 3549974 4452985 6967961 2378475 3937303 1543908 3338006 0 5726258 7752843 1007471
10172369 8570850 1790309 9255218 10651848 5711951 11463445 1332532 4049950 6928243 7061990 6877015 3888650 2867795 2431896 9119623 1306678 4272508 5467016 9525310 4221226 2931792 5726258 0 11057354 5874346
1701634 2501117 9284398 5594512 1278784 7262806 899576 9918217 8300747 7676753 4021005 5385030 8377061 8286956 8848840 6048625 9947294 8629801 6046096 6093716 8120310 8272736 7752843 11057354 0 8690319
7154679 6869513 4751418 10215147 9004545 1545395 8626101 4664205 7142177 1371631 5989621 7692108 2249174 5298008 5673391 3981483 4680834 7669771 3362320 4328801 2044212 3885532 1007471 5874346 8690319 0
