0 682387 528432 628901 779571 670434 373191 159196 306200 77744 311089 775074 70348 791370 308312 267897 389772 418605 626775 183405
0 778754 321612 683581 155043 816231 1091644 1668927 97220 1449940 123581 238679 1633551 219893 190139 1642696 706808 117148 17559 815246
607583 4108371 6317977 9732780 1110722 2835468 3635384 6620709 9989971 4883366 5695573 8282096 10048313 6265590 351734 4669302 6039835 5387436 1009033 7984093
4604175 0 6446082 6470166 4276799 2537854 2623521 2538429 6691740 2440705 1604476 4938245 6700253 2828331 4091231 1526983 2163882 1560590 3910473 4458953
6130486 6446082 0 6754462 7392222 7776492 8383901 8050335 7002116 4315111 7388302 6069141 7149146 9180195 6644697 7959374 8284687 6082888 7164455 6308924
9985966 6470166 6754462 0 10339615 9002360 9043392 5552345 268595 4850039 5764242 1532139 395042 7463146 9881352 7460759 6469620 4923282 9974353 2061646
1551457 4276799 7392222 10339615 0 2352766 3080660 6658205 10588617 5538849 5771196 8846318 10631944 5984235 762156 4462073 5946104 5722926 371551 8485257
3443049 2537854 7776492 9002360 2352766 0 804221 4536249 9226736 4612520 3733422 7470272 9237277 3643342 2609426 2187461 3716085 4097791 2079250 6996782
4242830 2623521 8383901 9043392 3080660 804221 0 4198386 9253920 4930632 3499896 7517388 9249473 3034164 3399283 1785226 3292149 4125061 2838856 6999828
7134149 2538429 8050335 5552345 6658205 4536249 4198386 0 5699782 3745847 934143 4193720 5643989 1912932 6573435 2413335 988410 1979343 6307269 3564795
10247040 6691740 7002116 268595 10588617 9226736 9253920 5699782 0 5108357 5945166 1760683 172314 7612557 10135921 7654077 6629805 5139847 10222701 2257772
5145320 2440705 4315111 4850039 5538849 4612520 4930632 3745847 5108357 0 3080532 3424702 5170874 4935372 5040475 3936345 3991452 1769889 5181929 3213516
6203578 1604476 7388302 5764242 5771196 3733422 3499896 934143 5945166 3080532 0 4297116 5915202 1952902 5657185 1755854 931038 1355592 5414884 3707121
8567320 4938245 6069141 1532139 8846318 7470272 7517388 4193720 1760683 3424702 4297116 0 1788529 6079980 8414021 5960451 5058258 3394070 8478841 635568
10314055 6700253 7149146 395042 10631944 9237277 9249473 5643989 172314 5170874 5915202 1788529 0 7556783 10189073 7633776 6582667 5144201 10265043 2249743
6849153 2828331 9180195 7463146 5984235 3643342 3034164 1912932 7612557 4935372 1952902 6079980 7556783 0 6119478 1608654 1046730 3290593 5683675 5458039
885453 4091231 6644697 9881352 762156 2609426 3399283 6573435 10135921 5040475 5657185 8414021 10189073 6119478 0 4538165 5949589 5433407 671134 8093627
5247422 1526983 7959374 7460759 4462073 2187461 1785226 2413335 7654077 3936345 1755854 5960451 7633776 1608654 4538165 0 1533257 2658406 4141626 5399474
6589373 2163882 8284687 6469620 5946104 3716085 3292149 988410 6629805 3991452 931038 5058258 6582667 1046730 5949589 1533257 0 2286114 5611239 4443032
5807176 1560590 6082888 4923282 5722926 4097791 4125061 1979343 5139847 1769889 1355592 3394070 5144201 3290593 5433407 2658406 2286114 0 5351723 2899531
1550442 3910473 7164455 9974353 371551 2079250 2838856 6307269 10222701 5181929 5414884 8478841 10265043 5683675 671134 4141626 5611239 5351723 0 8115099
8305576 4458953 6308924 2061646 8485257 6996782 6999828 3564795 2257772 3213516 3707121 635568 2249743 5458039 8093627 5399474 4443032 2899531 8115099 0
