0 503918 537316 701657 545955 216442 482202 40673 495657 278736 201817 252171 641667 171758 58828 121372 736537 701844 42711 62312 392371
0 1456097 287732 1485069 290128 358308 846102 57951 1603239 1542604 302899 1184095 659260 1148868 22539 71354 1670460 1081859 1558915 102104 788432
689512 7780179 7421150 6962546 3833198 4740566 5808935 7365191 8564638 9572526 2207432 8448711 6185111 2314158 1748648 7508710 2980316 8779146 8613532 7961970 6240121
8197650 0 9384269 1611934 5790726 6727272 8444514 8616094 890139 7504552 8824650 6371758 9737397 6620141 6031539 6585362 8045647 1024092 5067486 2265636 1669743
6988818 9384269 0 7777270 9989723 3202096 1615665 893936 10222999 4391397 9614053 4251016 1830183 5389483 7211788 3259576 10277635 10224179 5680723 7671631 7981163
7274924 1611934 7777270 0 5804921 5207101 6880003 7004572 2449725 6057367 8348221 4867544 8189823 5445761 5256519 4994768 7810459 2479695 3703869 1241224 961939
4515382 5790726 9989723 5804921 0 6818772 8445739 9630505 6308132 10653231 3547455 9378200 9244598 4741220 2890431 8816680 2389059 6589851 8876411 7040734 4847783
4504917 6727272 3202096 5207101 6818772 0 1814141 2821872 7610603 4953136 6927351 3983879 3025194 2459882 4133442 2897575 7351757 7675811 4676464 5514473 5154064
5391518 8444514 1615665 6880003 8445739 1814141 0 1700094 9317064 4985871 8005856 4416417 1343699 3789724 5629682 3257738 8663471 9359690 5565516 7014073 6917867
7002816 8616094 893936 7004572 9630505 2821872 1700094 0 9439803 3581235 9572539 3362174 2454877 5197455 6946769 2368733 10119970 9428169 4787390 6834356 7270258
9007534 890139 10222999 2449725 6308132 7610603 9317064 9439803 0 8129116 9493175 7050639 10615920 7487999 6818608 7350491 8629748 300443 5664410 2854178 2551920
9421410 7504552 4391397 6057367 10653231 4953136 4985871 3581235 8129116 0 11684243 1282860 6015006 7260764 8556788 2069554 11843265 8006473 2469451 5276782 6750516
2650637 8824650 9614053 8348221 3547455 6927351 8005856 9572539 9493175 11684243 0 10519635 8304146 4474872 3273196 9634846 1428269 9748208 10530929 9476437 7493019
8347762 6371758 4251016 4867544 9378200 3983879 4416417 3362174 7050639 1282860 10519635 0 5614078 6153249 7346644 1167560 10619646 6954599 1563085 4205913 5511777
5654742 9737397 1830183 8189823 9244598 3025194 1343699 2454877 10615920 6015006 8304146 5614078 0 4503456 6362375 4484616 9145055 10668215 6853601 8355165 8178655
2213645 6620141 5389483 5445761 4741220 2459882 3789724 5197455 7487999 7260764 4474872 6153249 4503456 0 1863411 5195322 4922519 7643378 6430954 6231474 4956347
2220557 6031539 7211788 5256519 2890431 4133442 5629682 6946769 6818608 8556788 3273196 7346644 6362375 1863411 0 6554712 3295421 7031157 7265661 6306601 4502493
7351888 6585362 3259576 4994768 8816680 2897575 3257738 2368733 7350491 2069554 9634846 1167560 4484616 5195322 6554712 0 9849826 7300093 2426429 4607140 5463560
3596627 8045647 10277635 7810459 2389059 7351757 8663471 10119970 8629748 11843265 1428269 10619646 9145055 4922519 3295421 9849826 0 8902555 10419162 9004986 6892452
9209024 1024092 10224179 2479695 6589851 7675811 9359690 9428169 300443 8006473 9748208 6954599 10668215 7643378 7031157 7300093 8902555 0 5537583 2748707 2689496
8637667 5067486 5680723 3703869 8876411 4676464 5565516 4787390 5664410 2469451 10530929 1563085 6853601 6430954 7265661 2426429 10419162 5537583 0 2817853 4501757
8209834 2265636 7671631 1241224 7040734 5514473 7014073 6834356 2854178 5276782 9476437 4205913 8355165 6231474 6306601 4607140 9004986 2748707 2817853 0 2203126
6611503 1669743 7981163 961939 4847783 5154064 6917867 7270258 2551920 6750516 7493019 5511777 8178655 4956347 4502493 5463560 6892452 2689496 4501757 2203126 0
