0 538099 405448 538180 778936 463448 276287 469688 376858 613912 504957 638247 640358 657777 636723 475140 148575 623294 721879 53353 660898
0 468132 1732929 711966 1755235 847466 277143 1160800 1258386 952518 550605 75252 577311 1228363 1049251 412834 876467 281658 541351 500717 700638
1066795 7471498 6477006 5292446 2011664 6522960 3879667 9811085 6942778 4684489 3632460 8110790 1962526 2870163 5780765 3130785 7537204 7371490 4902625 8758919 1061092
8437468 0 5880543 6097875 8133200 9170648 5075015 3213375 3611375 2948288 7134584 4550647 9421632 4684209 9161478 7780440 183054 4437163 8830097 3616166 7757113
6813623 5880543 0 1274953 5500000 11820909 7440949 9084798 2433578 5678500 3360900 2556775 7735891 5626699 11356765 4282135 6058989 1955529 10630394 9282121 7422652
5566252 6097875 1274953 0 4226718 10942993 6710612 9296979 3111492 5251702 2089921 3637151 6473313 4824466 10417595 3013976 6264093 2933588 9651280 9240991 6273988
1578754 8133200 5500000 4226718 0 8531527 5587605 10868550 6651270 5732572 2188065 7604361 2299859 4096705 7775889 1374642 8237950 6850506 6890001 10077817 3013167
7191114 9170648 11820909 10942993 8531527 0 4515964 9401145 11053285 6772612 9880197 12386513 7301383 6198202 908887 9584580 9096741 11814730 1759089 7603947 5538885
4927827 5075015 7440949 6710612 5587605 4515964 0 6467295 6537580 2320107 6132636 7871086 5644909 1905504 4267498 6161194 5051820 7301727 3800684 5104676 3523986
10856791 3213375 9084798 9296979 10868550 9401145 6467295 0 6755909 5167070 10178109 7511885 11759447 6950368 9697897 10732088 3040282 7534933 9662248 1838592 9811978
7597862 3611375 2433578 3111492 6651270 11053285 6537580 6755909 0 4349705 4877170 1334071 8608831 5072222 10760671 5752443 3794309 869372 10168575 7172168 7673795
5711066 2948288 5678500 5251702 5732572 6772612 2320107 5167070 4349705 0 5397140 5667830 6646098 1817020 6581706 5772491 2971308 5166305 6113254 4395296 4846405
3653538 7134584 3360900 2089921 2188065 9880197 6132636 10178109 4877170 5397140 0 5642237 4480349 4278442 9233891 925855 7273858 4904792 8395708 9748498 4686014
8686831 4550647 2556775 3637151 7604361 12386513 7871086 7511885 1334071 5667830 5642237 0 9680207 6389208 12093731 6558791 4730296 755057 11496037 8166630 8897243
1021708 9421632 7735891 6473313 2299859 7301383 5644909 11759447 8608831 6646098 4480349 9680207 0 4830347 6442441 3666145 9491385 8926718 5550034 10652196 2156662
3906999 4684209 5626699 4824466 4096705 6198202 1905504 6950368 5072222 1817020 4278442 6389208 4830347 0 5779853 4414577 4731049 5744284 5124035 6001180 3074933
6386015 9161478 11356765 10417595 7775889 908887 4267498 9697897 10760671 6581706 9233891 12093731 6442441 5779853 0 8882054 9104582 11488147 898474 7947709 4765236
2931770 7780440 4282135 3013976 1374642 9584580 6161194 10732088 5752443 5772491 925855 6558791 3666145 4414577 8882054 0 7908606 5817506 8016061 10165913 4188247
8512549 183054 6058989 6264093 8237950 9096741 5051820 3040282 3794309 2971308 7273858 4730296 9491385 4731049 9104582 7908606 0 4620134 8789692 3437367 7799354
7934969 4437163 1955529 2933588 6850506 11814730 7301727 7534933 869372 5166305 4904792 755057 8926718 5744284 11488147 5817506 4620134 0 10865553 8021141 8173993
5488918 8830097 10630394 9651280 6890001 1759089 3800684 9662248 10168575 6113254 8395708 11496037 5550034 5124035 898474 8016061 8789692 10865553 0 7978791 3877187
9824671 3616166 9282121 9240991 10077817 7603947 5104676 1838592 7172168 4395296 9748498 8166630 10652196 6001180 7947709 10165913 3437367 8021141 7978791 0 8594132
1688890 7757113 7422652 6273988 3013167 5538885 3523986 9811978 7673795 4846405 4686014 8897243 2156662 3074933 4765236 4188247 7799354 8173993 3877187 8594132 0
