0 395585 524330 426567 401694 163377 591074 207800 443621 50526 127624 59456 282041 163506 447344 430281 352717 727594 143561 231078 645343 283982 657458
0 49279 222076 27296 541257 664044 919855 545763 44812 314575 449965 857127 1127162 670758 254822 355056 582300 1222929 880582 283338 322677 1508246 1514932
1263714 9476691 5589500 9443986 5175628 3238301 4647545 5657362 7036249 8014941 6037781 4911705 4899861 1327622 7876455 3911310 6193318 8449924 5577930 3403685 5871493 3552996 6278198
8213061 0 10337849 40384 9472590 10583127 9286497 6996816 5932834 4169302 3522632 4593055 4694987 10725900 8800380 8796573 3284511 8600772 7706500 7648964 10044456 9614926 9822750
5576667 10337849 0 10297538 873621 2727069 10009817 3393041 4880852 6776631 7208833 6633085 7504640 5437061 3428953 2041014 7717476 4153459 2692279 3357570 525998 2037539 1097924
8180400 40384 10297538 0 9432311 10544808 9269187 6956433 5893335 4131683 3486348 4558594 4666540 10692167 8761386 8757002 3251362 8562746 7666116 7610238 10004078 9575818 9782392
4993700 9472590 873621 9432311 0 2716246 9431981 2563690 4117151 5978705 6336727 5778860 6673822 5225043 3116983 1351076 6847811 3819945 1881639 2577625 784287 1713647 1102595
3705548 10583127 2727069 10544808 2716246 0 7876716 4566440 6231300 7834841 7105894 6192255 6726684 2771168 5827599 2128426 7486698 6520842 4095527 2949869 3160805 1192531 3696203
4440689 9286497 10009817 9269187 9431981 7876716 0 8964918 9781813 9892556 6893624 5997087 5105339 5559705 11577545 8082372 6643211 11995827 9192098 7058649 10194558 8007698 10497326
4899019 6996816 3393041 6956433 2563690 4566440 8964918 0 1667554 3428854 4150356 3930016 5001746 6270685 2679063 2438023 4708576 3032041 710951 2255360 3055880 3377878 2834562
6110798 5932834 4880852 5893335 4117151 6231300 9781813 1667554 0 1937386 3822851 4075724 5188220 7789403 2893493 4103269 4383066 2833266 2251240 3724896 4466118 5044463 4107377
6907115 4169302 6776631 4131683 5978705 7834841 9892556 3428854 1937386 0 3131553 3895474 4865445 8973109 4676964 5749078 3577531 4434608 4097289 5039510 6382624 6683742 6041451
4784019 3522632 7208833 3486348 6336727 7105894 6893624 4150356 3822851 3131553 0 1135381 1789976 7246754 6559092 5455533 569868 6628282 4800446 4214328 7008223 6202636 6911768
3654139 4593055 6633085 4558594 5778860 6192255 5997087 3930016 4075724 3895474 1135381 0 1116559 6137737 6536632 4737747 1327930 6728127 4486228 3418891 6505515 5387452 6497447
3653489 4694987 7504640 4666540 6673822 6726684 5105339 5001746 5188220 4865445 1789976 1116559 0 6203466 7634231 5530318 1580417 7840441 5521819 4182981 7426075 6066645 7467013
2550039 10725900 5437061 10692167 5225043 2771168 5559705 6270685 7789403 8973109 7246754 6137737 6203466 0 8185061 4149222 7442675 8819807 6048177 4064642 5814224 3511621 6299632
7341685 8800380 3428953 8761386 3116983 5827599 11577545 2679063 2893493 4676964 6559092 6536632 7634231 8185061 0 4038742 7128937 724648 2391166 4597139 2902970 4747511 2336712
3646468 8796573 2041014 8757002 1351076 2128426 8082372 2438023 4103269 5749078 5455533 4737747 5530318 4149222 4038742 0 5918576 4671451 2001575 1347768 2125226 942952 2422948
4929989 3284511 7717476 3251362 6847811 7486698 6643211 4708576 4383066 3577531 569868 1327930 1580417 7442675 7128937 5918576 0 7194451 5350382 4643399 7532817 6630602 7452236
7845918 8600772 4153459 8562746 3819945 6520842 11995827 3032041 2833266 4434608 6628282 6728127 7840441 8819807 724648 4671451 7194451 0 2888689 5110831 3627495 5420000 3061274
4962740 7706500 2692279 7666116 1881639 4095527 9192098 710951 2251240 4097289 4800446 4486228 5521819 6048177 2391166 2001575 5350382 2888689 0 2222717 2345226 2905365 2134984
2744552 7648964 3357570 7610238 2577625 2949869 7058649 2255360 3724896 5039510 4214328 3418891 4182981 4064642 4597139 1347768 4643399 5110831 2222717 0 3359011 1989054 3534055
5753978 10044456 525998 10004078 784287 3160805 10194558 3055880 4466118 6382624 7008223 6505515 7426075 5814224 2902970 2125226 7532817 3627495 2345226 3359011 0 2336252 574920
3603441 9614926 2037539 9575818 1713647 1192531 8007698 3377878 5044463 6683742 6202636 5387452 6066645 3511621 4747511 942952 6630602 5420000 2905365 1989054 2336252 0 2793306
6067241 9822750 1097924 9782392 1102595 3696203 10497326 2834562 4107377 6041451 6911768 6497447 7467013 6299632 2336712 2422948 7452236 3061274 2134984 3534055 574920 2793306 0
