0 22219 300413 91941 239846 616641 127201 121262 137034 263973 726660 470493 559112 139668 590231 370859 550745 515426 338213
0 1120598 929620 1551069 914416 794336 666541 285279 1526463 111173 396712 150768 454336 1247631 1246735 1025574 252198 461267 399976
2476002 8501621 2479147 2225458 2328142 7831925 3109112 3240341 2812184 5506888 4344229 5022985 7605149 2684066 1134763 2760025 3362035 4432116 7114593
9113855 0 7889629 10694467 10358507 729403 6402907 9594283 6726280 3760458 6090321 8039496 9593352 9484334 9423422 11231246 6854943 9285379 1985819
1237107 7889629 0 4147813 4685807 7339030 1492081 1749021 1163916 5902231 2326745 2543842 5142540 5146230 3510964 4097557 1235961 6736941 6125678
3461558 10694467 4147813 0 1204741 10012481 5178236 3973559 4844936 7514718 6343087 6525058 8874867 2691187 1316441 1043025 5277918 4722209 9339975
4266816 10358507 4685807 1204741 0 9651621 5436117 4888377 5139920 6948404 6671946 7191318 9670905 1550344 1198120 2240425 5674693 3545219 9186842
8551000 729403 7339030 10012481 9651621 0 5865044 9063542 6175917 3036576 5664388 7673023 9388690 8759795 8733108 10573228 6355164 8560415 1778201
2727079 6402907 1492081 5178236 5436117 5865044 0 3198499 356199 4693989 1257998 2711336 5304000 5487417 4243632 5342059 667661 6713909 4636574
781987 9594283 1749021 3973559 4888377 9063542 3198499 0 2895965 7617807 3731948 2867631 4934805 5807013 3906163 3485988 2765684 7664301 7776723
2390865 6726280 1163916 4844936 5139920 6175917 356199 2895965 0 4876492 1532055 2719061 5351405 5260576 3943618 4990259 670476 6568164 4980106
6941767 3760458 5902231 7514718 6948404 3036576 4693989 7617807 4876492 0 5177267 7223160 9544385 5874250 6198678 8242498 5344330 5524987 3580906
3488960 6090321 2326745 6343087 6671946 5664388 1257998 3731948 1532055 5177267 0 2087903 4408619 6742451 5475414 6403478 1094431 7908896 4164277
3098833 8039496 2543842 6525058 7191318 7673023 2711336 2867631 2719061 7223160 2087903 0 2649650 7683652 6036448 6246005 2064501 9195302 6065683
5424500 9593352 5142540 8874867 9670905 9388690 5304000 4934805 5351405 9544385 4408619 2649650 0 10284704 8559243 8415220 4685602 11841397 7635411
5084813 9484334 5146230 2691187 1550344 8759795 5487417 5807013 5260576 5874250 6742451 7683652 10284704 0 1936579 3731615 5886792 2042020 8555824
3217847 9423422 3510964 1316441 1198120 8733108 4243632 3906163 3943618 6198678 5475414 6036448 8559243 1936579 0 2164487 4477112 3921505 8139104
3154196 11231246 4097557 1043025 2240425 10573228 5342059 3485988 4990259 8242498 6403478 6246005 8415220 3731615 2164487 0 5310534 5764993 9750602
2428781 6854943 1235961 5277918 5674693 6355164 667661 2765684 670476 5344330 1094431 2064501 4685602 5886792 4477112 5310534 0 7234271 5012272
6907144 9285379 6736941 4722209 3545219 8560415 6713909 7664301 6568164 5524987 7908896 9195302 11841397 2042020 3921505 5764993 7234271 0 8775595
7362488 1985819 6125678 9339975 9186842 1778201 4636574 7776723 4980106 3580906 4164277 6065683 7635411 8555824 8139104 9750602 5012272 8775595 0
