0 48937 325451 319110 530053 537421 286888 693496 334795 13077 38819 200428 691821 114122 348035 44694 757872 563697 559081 686913 431264 431314 33564 522169
0 1369746 583740 237450 185039 1682045 1180811 1434166 320401 1088743 516792 1635815 782805 668632 521520 251846 853528 443357 1457242 397942 253084 997160 478667 166348
1117829 4493776 6778903 3276966 3332792 7733156 5644708 7515498 3639277 3921820 6373925 3910483 3308593 6387113 492439 4771749 3572383 5015929 4344658 3146485 6442064 7144039 6623937 6832242
5059887 0 8193528 2197978 7062082 6977624 2191109 8253171 883278 8358026 2093528 674553 6411945 5620676 4745992 1032705 1685205 6207589 7475086 6540586 3476800 5916445 3898577 5663784
5771267 8193528 0 6062313 9594534 3595498 7150693 1259685 7567584 6938151 8552640 8147509 3795087 3619099 7213253 7478852 6531693 2016433 10843465 9678126 6605378 4232965 6304512 4143579
3403901 2197978 6062313 0 6464276 5417191 2413902 6249414 1505396 6745853 3402110 2085635 4320522 3984955 3694397 1826982 526962 4054373 7237552 6113458 3177146 4522882 3398112 4223763
3970675 7062082 9594534 6464276 0 11018743 8685580 10512594 6357752 3936046 9132367 6391865 5811199 9701089 2849413 7646662 6647870 8082894 1321393 684040 9632841 10471380 9860964 10160108
7086932 6977624 3595498 5417191 11018743 0 5164914 2590136 6704614 9442908 6449156 7231773 5953046 1433930 8225462 6001909 5667248 3348274 12077121 10879636 4120161 1145045 3682756 1332340
5813706 2191109 7150693 2413902 8685580 5164914 0 6907226 2463600 9143868 1402586 2732023 6455671 3966138 6027560 1194091 2073960 5355321 9301074 8255595 1295205 4035836 1738355 3835311
6591088 8253171 1259685 6249414 10512594 2590136 6907226 0 7733328 8095531 8297896 8310044 4803111 3041481 7977568 7428189 6663026 2504185 11721435 10535705 6159181 3449344 5796688 3442621
4177008 883278 7567584 1505396 6357752 6704614 2463600 7733328 0 7481904 2791999 580478 5567824 5297298 3917888 1313586 1075112 5558303 6876657 5876503 3646359 5710951 4010095 5433525
3353309 8358026 6938151 6745853 3936046 9442908 9143868 8095531 7481904 0 10095583 7809165 3489895 8433589 3826568 8476740 7172682 6106375 5209754 4431893 9640004 9295857 9687259 9018311
6742742 2093528 8552640 3402110 9132367 6449156 1402586 8297896 2791999 10095583 0 2767105 7661442 5324907 6688488 1619574 2932353 6739624 9568605 8625439 2355521 5305841 2818655 5136390
4559754 674553 8147509 2085635 6391865 7231773 2732023 8310044 580478 7809165 2767105 0 6070984 5835592 4131721 1537935 1647607 6137439 6802102 5866721 3982973 6215525 4378159 5945349
2196825 6411945 3795087 4320522 5811199 5953046 6455671 4803111 5567824 3489895 7661442 6070984 0 4980021 3657941 6140766 4839879 2623105 7079577 5936854 6632151 5844564 6581010 5578833
5822992 5620676 3619099 3984955 9701089 1433930 3966138 3041481 5297298 8433589 5324907 5835592 4980021 0 6879061 4678570 4248374 2566975 10720667 9528061 3120675 864544 2756242 617491
1469923 4745992 7213253 3694397 2849413 8225462 6027560 7977568 3917888 3826568 6688488 4131721 3657941 6879061 0 5105182 3954332 5482723 3852815 2654245 6869645 7633783 7066138 7321846
5124424 1032705 7478852 1826982 7646662 6001909 1194091 7428189 1313586 8476740 1619574 1537935 6140766 4678570 5105182 0 1329067 5545310 8189776 7180516 2457650 4919956 2870501 4677757
3819989 1685205 6531693 526962 6647870 5667248 2073960 6663026 1075112 7172682 2932353 1647607 4839879 4248374 3954332 1329067 0 4533859 7340533 6251899 3007377 4709237 3290550 4421838
4125630 6207589 2016433 4054373 8082894 3348274 5355321 2504185 5558303 6106375 6739624 6137439 2623105 2566975 5482723 5545310 4533859 0 9260766 8067742 5033965 3404409 4824380 3184279
5135742 7475086 10843465 7237552 1321393 12077121 9301074 11721435 6876657 5209754 9568605 6802102 7079577 10720667 3852815 8189776 7340533 9260766 0 1200498 10347698 11456458 10618730 11143988
3945477 6540586 9678126 6113458 684040 10879636 8255595 10535705 5876503 4431893 8625439 5866721 5936854 9528061 2654245 7180516 6251899 8067742 1200498 0 9255547 10270825 9507937 9958438
6410699 3476800 6605378 3177146 9632841 4120161 1295205 6159181 3646359 9640004 2355521 3982973 6632151 3120675 6869645 2457650 3007377 5033965 10347698 9255547 0 2975388 467695 2835468
6634273 5916445 4232965 4522882 10471380 1145045 4035836 3449344 5710951 9295857 5305841 6215525 5844564 864544 7633783 4919956 4709237 3404409 11456458 10270825 2975388 0 2540803 312476
6516182 3898577 6304512 3398112 9860964 3682756 1738355 5796688 4010095 9687259 2818655 4378159 6581010 2756242 7066138 2870501 3290550 4824380 10618730 9507937 467695 2540803 0 2421604
6328936 5663784 4143579 4223763 10160108 1332340 3835311 3442621 5433525 9018311 5136390 5945349 5578833 617491 7321846 4677757 4421838 3184279 11143988 9958438 2835468 312476 2421604 0
