0 372243 511181 29912 206556 39392 241779 485193 217027 488411 401930 185286 668929 37092 61000 426994 17609 385278 555506
0 485455 96890 1483686 226359 382347 525671 713377 1337882 82254 163030 637440 1668813 88171 301017 113708 288786 1348164 22475
1225658 1821800 3408932 8166106 6243553 4707068 7870375 8313524 2717960 7179371 8572443 6925938 6574919 926044 6113935 6725618 8603031 7772920 4055086
1454020 0 2703144 9981452 7389196 5918248 8915116 10115747 3360688 9000463 10394214 7849328 7723018 2572643 6985666 8521310 10415451 8764249 4452072
2183381 2703144 0 10791428 9643445 4871305 7290353 11059910 5854685 9592886 11014123 6121229 9976049 4327069 5261361 8812112 10783911 7070198 2514136
9041525 9981452 10791428 0 6542156 7221884 8692135 586126 8205410 1370656 832401 8841493 6565459 7461494 8749934 2545242 1768729 8900554 9435370
7465931 7389196 9643445 6542156 0 9193154 12098787 6214654 4096189 6665879 7350715 11584821 334547 5348068 11008259 7283395 8084080 12149255 9895197
4464395 5918248 4871305 7221884 9193154 0 3193367 7664450 7064956 5859189 7150150 2419342 9465397 4949514 1829431 4773970 6621946 3138068 2609148
7477800 8915116 7290353 8692135 12098787 3193367 0 9238697 10254732 7377071 8322426 1186211 12344247 8142825 2029095 6179826 7491432 319322 4778012
9242408 10115747 11059910 586126 6214654 7664450 9238697 0 8159608 1872701 1338539 9355815 6212945 7567100 9234982 3068451 2325591 9441208 9806568
3797233 3360688 5854685 8205410 4096189 7064956 10254732 8159608 0 7604661 8821384 9419903 4425205 2135628 8657665 7577487 9156717 10201086 6769780
7954327 9000463 9592886 1370656 6665879 5859189 7377071 1872701 7604661 0 1423745 7484158 6756845 6562672 7379988 1198296 1557873 7574349 8120342
9371821 10394214 11014123 832401 7350715 7150150 8322426 1338539 8821384 1423745 0 8576258 7382575 7923724 8565147 2376260 1013083 8551117 9491613
6431179 7849328 6121229 8841493 11584821 2419342 1186211 9355815 9419903 7484158 8576258 0 11849669 7287330 873157 6296254 7836176 949077 3614923
7797837 7723018 9976049 6565459 334547 9465397 12344247 6212945 4425205 6756845 7382575 11849669 0 5677385 11284475 7419718 8145209 12400477 10208236
2145123 2572643 4327069 7461494 5348068 4949514 8142825 7567100 2135628 6562672 7923724 7287330 5677385 0 6522037 6234748 8039647 8079495 4739466
5575119 6985666 5261361 8749934 11008259 1829431 2029095 9234982 8657665 7379988 8565147 873157 11284475 6522037 0 6221730 7902657 1817420 2749987
7352471 8521310 8812112 2545242 7283395 4773970 6179826 3068451 7577487 1198296 2376260 6296254 7419718 6234748 6221730 0 1971800 6376069 7149241
9292348 10415451 10783911 1768729 8084080 6621946 7491432 2325591 9156717 1557873 1013083 7836176 8145209 8039647 7902657 1971800 0 7735913 9077593
7335521 8764249 7070198 8900554 12149255 3138068 319322 9441208 10201086 7574349 8551117 949077 12400477 8079495 1817420 6376069 7735913 0 4563748
3172363 4452072 2514136 9435370 9895197 2609148 4778012 9806568 6769780 8120342 9491613 3614923 10208236 4739466 2749987 7149241 9077593 4563748 0
