0 144062 573753 1238 439993 390533 321758 789906 553427 33833 192559 327202 289745 359150 756176 160056 342438 774753 203046 165829 76968 586609 206811 590849 165985 350210 484169 196963 249798 284375 86710 204632 501742 87687 237729 636361 764817 604495 494586 770492 393849 733216 603383 782359 407181 317254 377416 535350 440563 12690 440208
0 831683 692492 215631 336465 740826 1719112 380082 1734096 219465 1608906 1146359 1523533 786026 1063368 862237 1490100 639847 25664 730523 310315 1006019 987845 346598 681709 383284 1582242 1004363 970799 1181662 504048 1367129 890379 877461 1020959 1299548 906638 815907 569025 1611406 1620596 1746663 1527160 1052032 1724883 1271486 1342846 1626684 1563699 1570408 25288
0 4819475 4711915 4321250 7101531 4008828 6194881 6972801 5245392 1487394 5236893 3620965 2839668 5776172 4240628 5637964 5796289 5181068 2539826 2167878 1188570 6866497 4511901 1558190 3187657 4084637 4657778 6379846 2660718 4801507 3338677 3619763 4418513 6532199 4964769 3086324 4546441 3066468 1644258 5971786 3758386 4134796 5071081 4426234 5803850 5172205 851800 4878382 5436729 5850552 3059715
4819475 0 8018836 5263642 8941442 4144011 8531560 2516449 5115122 6141072 7883802 8439596 5688806 5644865 8597385 1117165 8506180 3540751 2752630 5657942 4312038 9115952 9328122 6014066 7930550 8449534 7430391 7698122 2275862 8587792 1520307 5256726 7446688 2679864 7502634 7209426 8853521 1881272 5847616 5894160 1385712 8867451 5759497 837859 8020177 6067280 4889020 1730871 5823121 7024694 2304765
4711915 8018836 0 3437805 3076277 8685234 1968259 9170411 4517521 5100857 1116269 4693316 7358862 4609845 6978756 9102841 1328009 5915951 5316728 6592883 4173427 2534109 4782583 5467827 5291656 2252113 924404 3205095 5909578 986394 6987761 2964722 643729 8276849 1240676 6641416 2194783 6933509 5794420 4605265 7578340 5789286 3630696 8059883 1888215 9852087 5499951 7014906 10144097 3177676 5716024
4321250 5263642 3437805 0 3683757 7395110 3320136 5884603 1196688 5557206 2860333 6579186 7079505 1559495 8204733 6379297 3431639 2505765 3081356 6472684 3167892 3867742 7096756 5775378 6713973 5004831 2583362 2502281 3707600 4326898 4727518 797275 2794760 4923069 2486286 7294568 5204735 4857452 5941543 1706260 5322735 7532941 755209 5580141 2807289 9051760 5128767 3886356 9147253 1838900 3201149
7101531 8941442 3076277 3683757 0 10769441 1109216 9268805 4054964 7864841 2045119 7764180 9923755 3735056 9998111 10054783 1783248 5832819 6665224 9200371 6195562 746000 7844570 8195955 8317344 5306951 2571333 1340456 7306109 3887521 8364786 3890209 2930575 8227519 2195117 9521929 5172955 8452577 8477017 3563262 8967985 8858734 3224734 9258598 1323906 12227808 7950527 7481482 12420773 1968454 6858064
4008828 4144011 8685234 7395110 10769441 0 9988671 6611973 7874705 4367461 9082490 6717011 2448107 8466179 5736680 4105925 9677981 6892224 4379026 2956539 4608659 10657061 7660222 4023890 5868335 7992001 8512793 9816555 3832022 8809610 3172478 6933530 8328620 6802964 8766582 4389613 8461970 2837735 3672522 8710005 2859302 6626668 8113300 3310203 9544578 1939147 3342647 5491404 1816685 9192082 4482014
6194881 8531560 1968259 3320136 1109216 9988671 0 9155681 4002253 6855018 986679 6659448 8984211 3835103 8913173 9648271 686383 5715013 6070648 8244258 5381263 672425 6736289 7198345 7229145 4198834 1554208 1667638 6709813 2790440 7792754 3302887 1874481 8153170 1231815 8481808 4074858 7834874 7494445 3725278 8399882 7754766 3077740 8758357 513584 11358318 7034265 7206463 11584687 2023326 6336077
6972801 2516449 9170411 5884603 9268805 6611973 9155681 0 5215769 8398463 8740339 10547790 8187021 5567961 10983824 2670940 9316025 3448346 4527823 8105495 6193781 9630090 11379073 8327011 10156818 10102950 8409026 7933238 4313273 9918861 3929386 6208505 8539882 1068356 8361841 9622245 10449673 4322536 8206414 5775092 3900181 11103749 6095283 3318772 8651568 8504733 7205962 2234410 8206327 7306788 3986399
5245392 5115122 4517521 1196688 4054964 7874705 4002253 5215769 0 6577855 3778321 7748021 7884080 591483 9280115 6194776 4275746 1779674 3501007 7339390 4058617 4429156 8286286 6760626 7838380 6194178 3617493 2724928 4051654 5447224 4931844 1969097 3884929 4182735 3436024 8294828 6380658 5147783 6888605 838060 5483578 8679717 938705 5594907 3518421 9645442 6001847 3509761 9673839 2091035 3432020
1487394 6141072 5100857 5557206 7864841 4367461 6855018 8398463 6577855 0 5868505 2438725 2372740 7075806 2764677 6851458 6345674 6650356 4022660 1601125 2602848 7507379 3385604 389359 1791819 3788198 5306650 7343699 4092602 4894070 4624893 4796141 4986439 8001324 5670428 1742766 4252573 4297354 758468 7251888 4949281 2726501 6282950 5643069 6540999 4977154 1281197 6346391 5381341 6891048 4535375
5236893 7883802 1116269 2860333 2045119 9082490 986679 8740339 3778321 5868505 0 5740524 8010054 3759370 7953123 8993799 628006 5357943 5311046 7266031 4476498 1644173 5882058 6212729 6273157 3361612 579153 2099491 5940787 2066010 7030683 2632662 890474 7783128 384049 7497488 3308934 7040116 6510867 3712543 7635812 6831706 2845275 8040650 779266 10407278 6070404 6682873 10648006 2148661 5628129
3620965 8439596 4693316 6579186 7764180 6717011 6659448 10547790 7748021 2438725 5740524 0 4447831 8131229 2450753 9225355 6016379 8297624 6032112 3781931 4390208 7217928 949762 2722708 964234 2580525 5293184 7657453 6258747 4041846 6948269 5785413 4895678 10018237 5696784 2777146 2908882 6652094 3052618 8248107 7327019 1096435 7187845 8011678 6513115 6979929 3701151 8386388 7469697 7391159 6572638
2839668 5688806 7358862 7079505 9923755 2448107 8984211 8187021 7884080 2372740 8010054 4447831 0 8447941 3294941 6036211 8538142 7427518 4606906 777123 3917284 9651910 5363950 1983514 3535012 6159641 7433081 9218181 4329654 7239821 4280777 6423450 7157355 8091568 7762394 1943873 6622488 3880658 1616894 8662921 4308666 4219238 7834696 4961444 8615329 2609438 1989116 6526579 3045477 8679654 4965587
5776172 5644865 4609845 1559495 3735056 8466179 3835103 5567961 591483 7075806 3759370 8131229 8447941 0 9751117 6709813 4194985 2203292 4091928 7889489 4594455 4188078 8623858 7273646 8272692 6435760 3688902 2395294 4642716 5571455 5514362 2356655 3999549 4512909 3450185 8803506 6584602 5735611 7415442 252829 6060597 9091778 1002079 6152461 3383838 10234320 6548229 4000144 10264983 1830185 4020560
4240628 8597385 6978756 8204733 9998111 5736680 8913173 10983824 9280115 2764677 7953123 2450753 3294941 9751117 0 9135032 8304954 9414778 6749127 2998387 5365489 9510784 2996329 2710716 1687192 4998102 7449854 9712664 6742589 6431119 7088414 7419066 7072438 10676566 7846883 1411284 5352045 6716188 2780414 9910828 7285017 1518483 8900633 7976831 8701534 5350266 3796120 9027269 5918433 9347544 7243424
5637964 1117165 9102841 6379297 10054783 4105925 9648271 2670940 6194776 6851458 8993799 9225355 6036211 6709813 9135032 0 9617282 4560181 3801300 6142233 5278014 10233089 10138995 6675150 8639293 9430393 8533844 8804592 3264673 9642182 2314034 6369782 8539897 3220152 8613375 7726363 9847506 2574901 6461649 6956447 1902373 9557639 6864588 1213852 9137046 5925851 5572847 2726671 5583680 8131831 3389200
5796289 8506180 1328009 3431639 1783248 9677981 686383 9316025 4275746 6345674 628006 6016379 8538142 4194985 8304954 9617282 0 5910235 5939010 7784974 5078283 1206230 6064704 6700837 6618112 3527420 1168321 2240842 6568460 2106073 7658428 3251300 1381936 8344461 1004090 7932536 3391231 7665941 7011553 4119175 8263426 7112760 3337041 8668283 862414 10968211 6620013 7283265 11222451 2462645 6254823
5181068 3540751 5915951 2505765 5832819 6892224 5715013 3448346 1779674 6650356 5357943 8297624 7427518 2203292 9414778 4560181 5910235 0 2823165 7026813 4058352 6181754 8981142 6735885 8180708 7224931 5085370 4504593 3159041 6758487 3747229 2993008 5272822 2439302 4988269 8246252 7496964 4055814 6768619 2437469 4206011 9093406 2647261 4151713 5214854 8778088 5774991 1833516 8707289 3865898 2492767
2539826 2752630 5316728 3081356 6665224 4379026 6070648 4527823 3501007 4022660 5311046 6032112 4606906 4091928 6749127 3801300 5939010 2823165 0 4211771 1667667 6703063 6851928 4038784 5708989 5723144 4809868 5570766 641721 5842125 1723083 2785125 4775250 4004092 4942078 5501619 6115534 1788493 4018859 4333659 2330015 6653203 3765160 2747547 5576087 6151190 3002215 2358027 6173245 4916482 541679
2167878 5657942 6592883 6472684 9200371 2956539 8244258 8105495 7339390 1601125 7266031 3781931 777123 7889489 2998387 6142233 7784974 7026813 4211771 0 3307092 8909645 4717123 1213073 2912697 5389308 6690892 8535929 4031629 6462995 4177149 5785580 6406144 7909642 7027845 1587149 5853592 3788758 842982 8095402 4314281 3684575 7225783 4998992 7886291 3376029 1344556 6296986 3788423 8016254 4626799
1188570 4312038 4173427 3167892 6195562 4608659 5381263 6193781 4058617 2602848 4476498 4390208 3917284 4594455 5365489 5278014 5078283 4058352 1667667 3307092 0 6050785 5190498 2730542 4148517 4152381 3910545 5353781 2036176 4498852 2994066 2511052 3751508 5628280 4157924 4265680 4572496 2850399 2832809 4794422 3536488 5079262 3922284 4116973 4944351 6043435 1962539 4002847 6225297 4784968 2207980
6866497 9115952 2534109 3867742 746000 10657061 672425 9630090 4429156 7507379 1644173 7217928 9651910 4188078 9510784 10233089 1206230 6181754 6703063 8909645 6050785 0 7238646 7854506 7824074 4706823 2219017 1843420 7343798 3255715 8422397 3923076 2520995 8608873 1904236 9118805 4535253 8475318 8154610 4045944 9029283 8314350 3535223 9370231 1129369 12030664 7705030 7741365 12256776 2360504 6950043
4511901 9328122 4782583 7096756 7844570 7660222 6736289 11379073 8286286 3385604 5882058 949762 5363950 8623858 2996329 10138995 6064704 8981142 6851928 4717123 5190498 7238646 0 3672423 1832730 2537637 5502034 7898844 7118531 3986234 7849532 6318170 5098501 10807118 5900082 3610312 2729252 7564115 4000524 8718431 8245050 1478082 7650439 8925227 6661154 7861088 4640687 9192497 8365423 7707656 7393597
1558190 6014066 5467827 5775378 8195955 4023890 7198345 8327011 6760626 389359 6212729 2722708 1983514 7273646 2710716 6675150 6700837 6735885 4038784 1213073 2730542 7854506 3672423 0 1982884 4176786 5646626 7638351 4047196 5278822 4493771 5029956 5334999 7977188 6004150 1536458 4640649 4148247 372518 7457858 4778146 2883657 6511170 5475273 6872987 4588860 1126621 6324767 4997092 7167807 4533477
3187657 7930550 5291656 6713973 8317344 5868335 7229145 10156818 7838380 1791819 6273157 964234 3535012 8272692 1687192 8639293 6618112 8180708 5708989 2912697 4148517 7824074 1832730 1982884 0 3348573 5778179 8071317 5843592 4758612 6415823 5918110 5396251 9711818 6177502 1812953 3730616 6089037 2262753 8414568 6737858 947212 7377887 7432725 7026593 6033319 3066490 8060491 6533415 7735716 6238397
4084637 8449534 2252113 5004831 5306951 7992001 4198834 10102950 6194178 3788198 3361612 2580525 6159641 6435760 4998102 9430393 3527420 7224931 5723144 5389308 4152381 4706823 2537637 4176786 3348573 0 3027502 5417071 6178953 1471800 7138981 4299373 2628734 9358162 3414092 4973584 470428 6961620 4546445 6490005 7659142 3662766 5435335 8263532 4138397 8765326 4649990 7869053 9160505 5292244 6230985
4657778 7430391 924404 2583362 2571333 8512793 1554208 8409026 3617493 5306650 579153 5293184 7433081 3688902 7449854 8533844 1168321 5085370 4809868 6690892 3910545 2219017 5502034 5646626 5778179 3027502 0 2397509 5432195 1903911 6522199 2221923 403539 7481980 403600 6951346 3048152 6516124 5940604 3681155 7124956 6375953 2716658 7551337 1254887 9828389 5491384 6302116 10070879 2284880 5152525
6379846 7698122 3205095 2502281 1340456 9816555 1667638 7933238 2724928 7343699 2099491 7657453 9218181 2395294 9712664 8804592 2240842 4504593 5570766 8535929 5353781 1843420 7898844 7638351 8071317 5417071 2397509 0 6203125 4165491 7229792 2886336 2800844 6889199 2003653 9062435 5399028 7354152 7879562 2229100 7824649 8727241 1940435 8065545 1393260 11384179 7229113 6187745 11527826 674017 5702718
2660718 2275862 5909578 3707600 7306109 3832022 6709813 4313273 4051654 4092602 5940787 6258747 4329654 4642716 6742589 3264673 6568460 3159041 641721 4031629 2036176 7343798 7118531 4047196 5843592 6178953 5432195 6203125 0 6393287 1090225 3426811 5383307 3934075 5574200 5432509 6589003 1151153 3968339 4889186 1695114 6790593 4376133 2154776 6216395 5658986 2947077 2288605 5641885 5545540 668967
4801507 8587792 986394 4326898 3887521 8809610 2790440 9918861 5447224 4894070 2066010 4041846 7239821 5571455 6431119 9642182 2106073 6758487 5842125 6462995 4498852 3255715 3986234 5278822 4758612 1471800 1903911 4165491 6393287 0 7441287 3769112 1572039 9067070 2225919 6278382 1285436 7338376 5631674 5576636 8011263 5130088 4582441 8544689 2809908 9805472 5512992 7723487 10147547 4163072 6289152
3338677 1520307 6987761 4727518 8364786 3172478 7792754 3929386 4931844 4624893 7030683 6948269 4280777 5514362 7088414 2314034 7658428 3747229 1723083 4177149 2994066 8422397 7849532 4493771 6415823 7138981 6522199 7229792 1090225 7441287 0 4500491 6469346 3826512 6663434 5708847 7564805 400783 4330174 5765953 607128 7350494 5359666 1124607 7296644 5094485 3368940 2353035 4977128 6564592 1532401
3619763 5256726 2964722 797275 3890209 6933530 3302887 6208505 1969097 4796141 2632662 5785413 6423450 2356655 7419066 6369782 3251300 2993008 2785125 5785580 2511052 3923076 6318170 5029956 5918110 4299373 2221923 2886336 3426811 3769112 4500491 0 2331446 5314399 2249602 6537655 4534597 4567584 5214425 2497655 5107082 6735721 1487961 5455680 2800457 8506715 4448673 4080688 8642051 2285036 3033350
4418513 7446688 643729 2794760 2930575 8328620 1874481 8539882 3884929 4986439 890474 4895678 7157355 3999549 7072438 8539897 1381936 5272822 4775250 6406144 3751508 2520995 5098501 5334999 5396251 2628734 403539 2800844 5383307 1572039 6469346 2331446 0 7638868 804342 6607574 2665063 6438690 5639309 4008073 7066778 5980669 3010925 7522797 1630473 9589209 5239012 6396627 9849992 2671030 5150789
6532199 2679864 8276849 4923069 8227519 6802964 8153170 1068356 4182735 8001324 7783128 10018237 8091568 4512909 10676566 3220152 8344461 2439302 4004092 7909642 5628280 8608873 10807118 7977188 9711818 9358162 7481980 6889199 3934075 9067070 3826512 5314399 7638868 0 7409164 9359669 9679675 4226407 7901699 4715617 3962737 10656768 5080178 3516048 7653963 8735705 6881118 1654933 8502652 6271766 3473706
4964769 7502634 1240676 2486286 2195117 8766582 1231815 8361841 3436024 5670428 384049 5696784 7762394 3450185 7846883 8613375 1004090 4988269 4942078 7027845 4157924 1904236 5900082 6004150 6177502 3414092 403600 2003653 5574200 2225919 6663434 2249602 804342 7409164 0 7329194 3413732 6680061 6290524 3419991 7269270 6779387 2510581 7666579 871474 10126589 5806007 6299382 10353819 1937178 5251539
3086324 7209426 6641416 7294568 9521929 4389613 8481808 9622245 8294828 1742766 7497488 2777146 1943873 8803506 1411284 7726363 7932536 8246252 5501619 1587149 4265680 9118805 3610312 1536458 1812953 4973584 6951346 9062435 5432509 6278382 5708847 6537655 6607574 9359669 7329194 0 5398064 5330224 1483164 8984284 5884366 2322775 8023659 6573862 8200217 4269100 2501830 7720824 4796052 8624678 5971211
4546441 8853521 2194783 5204735 5172955 8461970 4074858 10449673 6380658 4252573 3308934 2908882 6622488 6584602 5352045 9847506 3391231 7496964 6115534 5853592 4572496 4535253 2729252 4640649 3730616 470428 3048152 5399028 6589003 1285436 7564805 4534597 2665063 9679675 3413732 5398064 0 7396872 5011022 6621756 8092677 3965889 5582670 8688710 4071723 9229508 5119745 8218795 9627857 5332742 6614777
3066468 1881272 6933509 4857452 8452577 2837735 7834874 4322536 5147783 4297354 7040116 6652094 3880658 5735611 6716188 2574901 7665941 4055814 1788493 3788758 2850399 8475318 7564115 4148247 6089037 6961620 6516124 7354152 1151153 7338376 400783 4567584 6438690 4226407 6680061 5330224 7396872 0 3969836 5985321 700370 7017942 5518147 1361290 7346440 4743113 3028717 2736191 4651636 6695879 1716217
1644258 5847616 5794420 5941543 8477017 3672522 7494445 8206414 6888605 758468 6510867 3052618 1616894 7415442 2780414 6461649 7011553 6768619 4018859 842982 2832809 8154610 4000524 372518 2262753 4546445 5940604 7879562 3968339 5631674 4330174 5214425 5639309 7901699 6290524 1483164 5011022 3969836 0 7607438 4575554 3127952 6685356 5272948 7156303 4218893 1023670 6256200 4624663 7390665 4492481
5971786 5894160 4605265 1706260 3563262 8710005 3725278 5775092 838060 7251888 3712543 8248107 8662921 252829 9910828 6956447 4119175 2437469 4333659 8095402 4794422 4045944 8718431 7457858 8414568 6490005 3681155 2229100 4889186 5576636 5765953 2497655 4008073 4715617 3419991 8984284 6621756 5985321 7607438 0 6313054 9221812 1068150 6404883 3290955 10471568 6752510 4243395 10506870 1704322 4269803
3758386 1385712 7578340 5322735 8967985 2859302 8399882 3900181 5483578 4949281 7635812 7327019 4308666 6060597 7285017 1902373 8263426 4206011 2330015 4314281 3536488 9029283 8245050 4778146 6737858 7659142 7124956 7824649 1695114 8011263 607128 5107082 7066778 3962737 7269270 5884366 8092677 700370 4575554 6313054 0 7658635 5943538 697613 7903684 4798440 3671404 2649825 4620203 7157648 2122077
4134796 8867451 5789286 7532941 8858734 6626668 7754766 11103749 8679717 2726501 6831706 1096435 4219238 9091778 1518483 9557639 7112760 9093406 6653203 3684575 5079262 8314350 1478082 2883657 947212 3662766 6375953 8727241 6790593 5130088 7350494 6735721 5980669 10656768 6779387 2322775 3965889 7017942 3127952 9221812 7658635 0 8171320 8355007 7602400 6582030 3989989 9006174 7116722 8439461 7183779
5071081 5759497 3630696 755209 3224734 8113300 3077740 6095283 938705 6282950 2845275 7187845 7834696 1002079 8900633 6864588 3337041 2647261 3765160 7225783 3922284 3535223 7650439 6511170 7377887 5435335 2716658 1940435 4376133 4582441 5359666 1487961 3010925 5080178 2510581 8023659 5582670 5518147 6685356 1068150 5943538 8171320 0 6147618 2586966 9792140 5882279 4257554 9876882 1269498 3827354
4426234 837859 8059883 5580141 9258598 3310203 8758357 3318772 5594907 5643069 8040650 8011678 4961444 6152461 7976831 1213852 8668283 4151713 2747547 4998992 4116973 9370231 8925227 5475273 7432725 8263532 7551337 8065545 2154776 8544689 1124607 5455680 7522797 3516048 7666579 6573862 8688710 1361290 5272948 6404883 697613 8355007 6147618 0 8253892 5230141 4366629 2427364 4986656 7392666 2422329
5803850 8020177 1888215 2807289 1323906 9544578 513584 8651568 3518421 6540999 779266 6513115 8615329 3383838 8701534 9137046 862414 5214854 5576087 7886291 4944351 1129369 6661154 6872987 7026593 4138397 1254887 1393260 6216395 2809908 7296644 2800457 1630473 7653963 871474 8200217 4071723 7346440 7156303 3290955 7903684 7602400 2586966 8253892 0 10951358 6649690 6693636 11162744 1610684 5832045
5172205 6067280 9852087 9051760 12227808 1939147 11358318 8504733 9645442 4977154 10407278 6979929 2609438 10234320 5350266 5925851 10968211 8778088 6151190 3376029 6043435 12030664 7861088 4588860 6033319 8765326 9828389 11384179 5658986 9805472 5094485 8506715 9589209 8735705 10126589 4269100 9229508 4743113 4218893 10471568 4798440 6582030 9792140 5230141 10951358 0 4354842 7426718 598149 10791050 6323729
851800 4889020 5499951 5128767 7950527 3342647 7034265 7205962 6001847 1281197 6070404 3701151 1989116 6548229 3796120 5572847 6620013 5774991 3002215 1344556 1962539 7705030 4640687 1126621 3066490 4649990 5491384 7229113 2947077 5512992 3368940 4448673 5239012 6881118 5806007 2501830 5119745 3028717 1023670 6752510 3671404 3989989 5882279 4366629 6649690 4354842 0 5233905 4650055 6693947 3469838
4878382 1730871 7014906 3886356 7481482 5491404 7206463 2234410 3509761 6346391 6682873 8386388 6526579 4000144 9027269 2726671 7283265 1833516 2358027 6296986 4002847 7741365 9192497 6324767 8060491 7869053 6302116 6187745 2288605 7723487 2353035 4080688 6396627 1654933 6299382 7720824 8218795 2736191 6256200 4243395 2649825 9006174 4257554 2427364 6693636 7426718 5233905 0 7268838 5523685 1822701
5436729 5823121 10144097 9147253 12420773 1816685 11584687 8206327 9673839 5381341 10648006 7469697 3045477 10264983 5918433 5583680 11222451 8707289 6173245 3788423 6225297 12256776 8365423 4997092 6533415 9160505 10070879 11527826 5641885 10147547 4977128 8642051 9849992 8502652 10353819 4796052 9627857 4651636 4624663 10506870 4620203 7116722 9876882 4986656 11162744 598149 4650055 7268838 0 10918787 6295793
5850552 7024694 3177676 1838900 1968454 9192082 2023326 7306788 2091035 6891048 2148661 7391159 8679654 1830185 9347544 8131831 2462645 3865898 4916482 8016254 4784968 2360504 7707656 7167807 7735716 5292244 2284880 674017 5545540 4163072 6564592 2285036 2671030 6271766 1937178 8624678 5332742 6695879 7390665 1704322 7157648 8439461 1269498 7392666 1610684 10791050 6693947 5523685 10918787 0 5035584
3059715 2304765 5716024 3201149 6858064 4482014 6336077 3986399 3432020 4535375 5628129 6572638 4965587 4020560 7243424 3389200 6254823 2492767 541679 4626799 2207980 6950043 7393597 4533477 6238397 6230985 5152525 5702718 668967 6289152 1532401 3033350 5150789 3473706 5251539 5971211 6614777 1716217 4492481 4269803 2122077 7183779 3827354 2422329 5832045 6323729 3469838 1822701 6295793 5035584 0
