0 370536 97377 298290 420840 485775 480558 648104 267469 48156 361361 476629 366924 700349 320776 181481 40577 181339 520510 690509 493883 371136 766364 379341 485934 306006 451669 636093 713506 366305 28481 462410 4413 12809 152423 242676 380953 572365 594108 83866 118639 710665 194284 346992 249199 17313 472497 656457 777456 30532 780000
0 16373 510237 739787 661713 368922 452134 236110 1549459 823791 749726 1494854 600136 86356 1577978 1106610 238618 1385782 984029 1191034 618816 1030230 1710737 1481979 654802 1164125 1257403 1688881 605243 836025 1420370 602402 1044312 595539 508491 512937 888106 172363 1462155 1114008 695407 1302495 1214332 902617 1323677 1174110 1342043 1326193 1649792 1299011 1629029
0 8420483 936257 4933965 2406439 3605660 4328235 2310216 3224318 6609480 5312557 6364307 3051170 4583638 5109178 3463564 4896037 7212772 7161501 3025827 5621712 2556437 3195545 4798035 1979795 8273542 5371007 5991737 2571324 2357844 4676691 6812206 4906283 7013686 3948485 4784021 555707 2193409 6211425 4409043 4649247 2143557 956288 2348202 6575461 2548524 6437817 2596924 4050560 3648543 2496020
8420483 0 7490572 4760344 9063354 11096073 8246219 7417067 5564770 2287406 3129383 4009771 6174671 8674236 9751922 6928175 10957448 8476388 6451157 11033025 6218096 5883474 6941136 7235704 6490889 157094 9769055 5566647 10941734 6173955 3888959 1937029 12096990 8850614 11988684 9813538 7912523 6476477 2636033 4879612 9572105 10561190 7749180 7404449 1969800 10968666 8377242 6079185 5051722 10214185 6535886
936257 7490572 0 4206097 2785534 4200779 4046037 2065167 2440962 5676516 4378027 5499831 2427773 4373227 5071578 2906201 5164761 6775853 6493454 3778844 4957044 1620214 2822540 4488652 1050361 7344437 5508932 5252301 3502976 1439576 3742409 5910269 5462199 6641245 4730730 4802060 435323 1331505 5279565 3544190 4630217 3078930 596961 2099537 5639363 3479130 6036881 1821741 3178411 3962783 1734606
4933965 4760344 4206097 0 4633765 8404746 7200813 3084936 1779337 4239325 2869595 5479219 1924472 7636353 8602465 5639455 9143240 9036083 7744681 7949431 6573031 3197074 2357798 2515305 3660121 4605607 5021554 6358067 7056607 3635336 3197194 2823358 9652121 9146969 8881717 8454731 4614876 4017117 4042689 4373572 8235814 6840460 4729607 3058981 3750514 7282364 8525648 2385029 4166886 8031715 4454174
2406439 9063354 2785534 4633765 0 5514841 6713244 1646382 3514537 7717272 6231541 7989449 2893030 6984665 7505236 5688888 7143385 9538736 9251389 4653257 7723045 3901991 2283753 3284383 3580624 8906935 3036196 7966289 2834891 3967847 5862951 7207026 6798396 9374240 5363712 7168399 2733527 4017249 7360362 6092829 7043613 2900132 3204811 1659050 7494588 3296047 8783057 3091877 5723287 5896771 4491995
3605660 11096073 4200779 8404746 5514841 0 3868202 5904884 6631524 8952272 8020631 7990864 6602049 3739119 3392634 4401153 2082945 6566726 7565202 1021358 6277393 5471020 6799601 8376780 4880683 10967578 8519366 6935477 3332967 5078782 7214099 9805320 1307285 6133657 1302250 2977617 3806152 4717839 8554066 6329565 3044414 2882753 3684589 5942840 9131117 2714120 5784119 6019795 6086786 1330227 4567172
4328235 8246219 4046037 7200813 6713244 3868202 0 6069191 5607964 5961883 5560990 4543833 6007568 451820 1524042 1569831 2830441 2978048 3698202 4455153 2506183 4069587 6694003 8332005 3801456 8147415 9553537 3222139 6044992 3657978 4721726 7471198 4344294 2705711 5142003 1573963 3990456 3323395 5613268 3440980 1335353 5463569 3529357 6100399 6333381 5602066 2172185 5209185 3395221 2572198 2804669
2310216 7417067 2065167 3084936 1646382 5904884 6069191 0 1874665 6117509 4616457 6544750 1252403 6417173 7136743 4780597 7150552 8663332 8074380 5241646 6592180 2545488 912565 2490829 2422394 7260683 3572886 6722910 4004851 2743505 4314029 5567160 7209615 8583703 6105657 6864045 2281113 2921298 5773086 4732443 6694732 3853285 2649010 38000 5867358 4294204 7964534 1518070 4374721 5916826 3458882
3224318 5564770 2440962 1779337 3514537 6631524 5607964 1874665 0 4271739 2759259 4909318 729504 6026299 6941230 4088857 7388337 7753881 6780607 6209322 5420556 1538606 1674185 2950932 1911142 5409236 4973088 5380712 5531383 1956080 2568446 3761944 7873779 7786999 7152962 6763450 2859916 2317506 3944228 3310004 6552994 5242475 2951713 1867221 3996247 5677820 7156966 627981 3003722 6260038 2806683
6609480 2287406 5676516 4239325 7717272 8952272 5961883 6117509 4271739 0 1516919 1871858 4985327 6387957 7464987 4682541 8694245 6339352 4438561 8982169 3977744 4067913 5892951 6692623 4629828 2196737 9078984 3372226 9179459 4261956 1935870 2215186 9893968 6670734 9922533 7531517 6067906 4501410 404971 2644159 7290456 8739408 5823628 6115328 625811 9118940 6163571 4625487 2865489 8000575 4454420
5312557 3129383 4378027 2869595 6231541 8020631 5560990 4616457 2759259 1516919 0 2642501 3469302 6010852 7082194 4076865 8084241 6653376 5065149 7913029 4146831 2761863 4376519 5238966 3364799 2988789 7580734 3750284 7858570 3044701 850031 1911577 9078428 6877103 8871363 7065132 4794175 3353141 1223042 2147542 6824538 7456107 4619992 4612754 1282769 7856446 6297344 3144133 2169526 7225160 3455352
6364307 4009771 5499831 5479219 7989449 7990864 4543833 6544750 4909318 1871858 2642501 0 5630664 4926403 5967303 3590734 7367995 4485402 2573709 8218098 2244776 4089216 6578505 7714693 4492747 3951106 9882359 1560277 8878976 4089460 2372088 4025672 8760381 4842828 9103573 6104320 5810121 4176424 1733334 1956808 5871284 8369384 5450637 6553462 2464811 8693111 4369886 5042822 2321456 6876074 3906499
3051170 6174671 2427773 1924472 2893030 6602049 6007568 1252403 729504 4985327 3469302 5630664 0 6406194 7261486 4545658 7554992 8311662 7438994 6076992 6041348 2013792 947924 2364144 2210761 6017980 4253714 6045698 5141300 2373125 3297172 4315300 7879051 8311112 6994572 7048600 2798067 2685008 4665027 3981904 6850907 4916029 3002728 1236132 4685505 5357897 7681279 803026 3658531 6376543 3215916
4583638 8674236 4373227 7636353 6984665 3739119 451820 6417173 6026299 6387957 6010852 4926403 6406194 0 1080985 2015620 2492704 2907458 3889234 4412795 2819710 4489697 7068907 8716140 4195938 8577502 9867646 3550553 6142801 4071930 5172522 7920533 4088899 2562770 5033461 1179688 4283884 3727630 6044350 3886681 952754 5563214 3833761 6449344 6769947 5667797 2100197 5611446 3846134 2414046 3219692
5109178 9751922 5071578 8602465 7505236 3392634 1524042 7136743 6941230 7464987 7082194 5967303 7261486 1080985 0 3046287 1669723 3253821 4676326 4245635 3800064 5420080 7854241 9518263 5060798 9656234 10473783 4537883 6257946 4989219 6240548 8993135 3406533 2776852 4682775 418788 4905631 4623940 7123792 4964975 462906 5696300 4493470 7171085 7850795 5717532 2528473 6482480 4914186 2113462 4150997
3463564 6928175 2906201 5639455 5688888 4401153 1569831 4780597 4088857 4682541 4076865 3590734 4545658 2015620 3046287 0 4036310 3889413 3725097 4662510 2201571 2555944 5303594 6900900 2389971 6816306 8340144 2700422 5673546 2172533 3227660 5985808 5232344 3807370 5524083 2993678 2995800 1887576 4303454 2048567 2754730 5113494 2528073 4807802 4971510 5365492 3185088 3742675 1916094 3335181 1342396
4896037 10957448 5164761 9143240 7143385 2082945 2830441 7150552 7388337 8694245 8084241 7367995 7554992 2492704 1669723 4036310 0 4904319 6315479 3079655 5311336 5971813 7974736 9630096 5483894 10848317 10178785 6039403 5333960 5534748 7235164 9978974 1756488 4405725 3263753 1351782 4875644 5147257 8325029 6080971 1548945 4828890 4570551 7187728 9006408 4732865 4196317 6842295 5946002 1251280 4790941
7212772 8476388 6775853 9036083 9538736 6566726 2978048 8663332 7753881 6339352 6653376 4485402 8311662 2907458 3253821 3889413 4904319 0 2131682 7306884 2510044 6300275 9134968 10673386 6251361 8426705 12228359 2977741 9020500 5979784 5974473 8378740 6655451 553453 7868934 3637744 6809872 5747926 6130584 4677499 3531478 8439197 6336863 8689548 6897384 8564657 809813 7521090 4869815 5240125 5205885
7161501 6451157 6493454 7744681 9251389 7565202 3698202 8074380 6780607 4438561 5065149 2573709 7438994 3889234 4676326 3725097 6315479 2131682 0 8096510 1540723 5539706 8349733 9723076 5699803 6415537 11612864 1403681 9381477 5341658 4550437 6594944 7973795 2613128 8830221 4963949 6661715 5238111 4302077 3472932 4779882 8813516 6209468 8093137 5038254 9036440 2358421 6712172 3781096 6267721 4763288
3025827 11033025 3778844 7949431 4653257 1021358 4455153 5241646 6209322 8982169 7913029 8218098 6076992 4412795 4245635 4662510 3079655 7306884 8096510 0 6712429 5230514 6152138 7663202 4618093 10896716 7613268 7318456 2317518 4883573 7149835 9607430 2178787 6911079 962460 3826964 3351411 4559963 8578092 6428489 3852065 1895321 3354726 5278981 9092219 1695906 6506224 5583150 6143357 2132463 4528354
5621712 6218096 4957044 6573031 7723045 6277393 2506183 6592180 5420556 3977744 4146831 2244776 6041348 2819710 3800064 2201571 5311336 2510044 1540723 6712429 0 4083693 6925910 8370699 4192503 6146900 10151286 737901 7873623 3849165 3467798 5909847 6847656 2743103 7501441 3990377 5121011 3719138 3717127 2199526 3770825 7311031 4669054 6612823 4488171 7551360 2196170 5284803 2438258 5034675 3231299
2556437 5883474 1620214 3197074 3901991 5471020 4069587 2545488 1538606 4067913 2761863 4089216 2013792 4489697 5420080 2555944 5971813 6300275 5539706 5230514 4083693 0 2851153 4377894 614669 5739287 6074520 4178686 5118116 439074 2132102 4376918 6640541 6298089 6192967 5259986 2032395 825078 3675019 2203074 5043453 4698801 1884806 2561832 4019244 5095516 5668093 1221161 1838444 4910051 1272230
3195545 6941136 2822540 2357798 2283753 6799601 6694003 912565 1674185 5892951 4376519 6578505 947924 7068907 7854241 5303594 7974736 9134968 8349733 6152138 6925910 2851153 0 1667954 2915978 6784059 3307640 6963260 4870053 3155821 4242456 5034580 8101685 9102917 7018220 7605954 3102528 3416288 5584854 4908325 7424046 4748825 3419321 875908 5560311 5187843 8475762 1641389 4576003 6754248 3961199
4798035 7235704 4488652 2515305 3284383 8376780 8332005 2490829 2950932 6692623 5238966 7714693 2364144 8716140 9518263 6900900 9630096 10673386 9723076 7663202 8370699 4377894 1667954 0 4533909 7083469 2541016 8320574 6104908 4730523 5344338 5307384 9683698 10675040 8481203 9273209 4754452 5024536 6454422 6250154 9090070 6096084 5084979 2453017 6240761 6518199 10045285 3163113 5952702 8402262 5563679
1979795 6490889 1050361 3660121 3580624 4880683 3801456 2422394 1911142 4629828 3364799 4492747 2210761 4195938 5060798 2389971 5483894 6251361 5699803 4618093 4192503 614669 2915978 4533909 0 6347648 5995279 4389442 4550679 403302 2698411 4989910 6069891 6195332 5580466 4864980 1440379 504071 4231633 2549245 4659827 4113286 1270139 2446495 4611211 4502275 5570573 1422149 2178760 4380374 1049290
8273542 157094 7344437 4605607 8906935 10967578 8147415 7260683 5409236 2196737 2988789 3951106 6017980 8577502 9656234 6816306 10848317 8426705 6415537 10896716 6146900 5739287 6784059 7083469 6347648 0 9615921 5504062 10792020 6033415 3756835 1782268 11975393 8793896 11853139 9712631 7767199 6338742 2534280 4768192 9470999 10413566 7607515 7247994 1849501 10821925 8313555 5925336 4933102 10094792 6404993
5371007 9769055 5508932 5021554 3036196 8519366 9553537 3572886 4973088 9078984 7580734 9882359 4253714 9867646 10473783 8340144 10178785 12228359 11612864 7613268 10151286 6074520 3307640 2541016 5995279 9615921 0 10240317 5529035 6309442 7532750 7836052 9783676 12131043 8231041 10154683 5589121 6493593 8803206 8201501 10015891 5762982 6033894 3549087 8675357 6095875 11517192 4913373 7860356 8931029 7028962
5991737 5566647 5252301 6358067 7966289 6935477 3222139 6722910 5380712 3372226 3750284 1560277 6045698 3550553 4537883 2700422 6039403 2977741 1403681 7318456 737901 4178686 6963260 8320574 4389442 5504062 10240317 0 8344336 4014596 3174021 5408546 7552569 3299162 8136031 4724373 5466405 3953273 3152943 2071120 4502829 7793765 5035984 6739958 3920559 8059938 2810684 5330551 2387851 5718750 3521068
2571324 10941734 3502976 7056607 2834891 3332967 6044992 4004851 5531383 9179459 7858570 8878976 5141300 6142801 6257946 5673546 5333960 9020500 9381477 2317518 7873623 5118116 4870053 6104908 4550679 10792020 5529035 8344336 0 4928327 7245247 9257459 4451998 8705369 2735301 5852641 3119781 4743047 8782110 6935842 5817547 581427 3432230 4035856 9130458 624415 8211822 4936723 6586658 4231446 4973354
2357844 6173955 1439576 3635336 3967847 5078782 3657978 2743505 1956080 4261956 3044701 4089460 2373125 4071930 4989219 2172533 5534748 5979784 5341658 4883573 3849165 439074 3155821 4730523 403302 6033415 6309442 4014596 4928327 0 2340077 4737564 6230030 5951845 5845063 4823981 1809368 387639 3861226 2147307 4608706 4477849 1578637 2764711 4270235 4857975 5323422 1570156 1776590 4482012 853312
4676691 3888959 3742409 3197194 5862951 7214099 4721726 4314029 2568446 1935870 850031 2372088 3297172 5172522 6240548 3227660 7235164 5974473 4550437 7149835 3467798 2132102 4242456 5344338 2698411 3756835 7532750 3174021 7245247 2340077 0 2758498 8249777 6159353 8103034 6217656 4138433 2607818 1543959 1348427 5977352 6811331 3914177 4317101 1943983 7196521 5563460 2796631 1326562 6388035 2648600
6812206 1937029 5910269 2823358 7207026 9805320 7471198 5567160 3761944 2215186 1911577 4025672 4315300 7920533 8993135 5985808 9978974 8378740 6594944 9607430 5909847 4376918 5034580 5307384 4989910 1782268 7836052 5408546 9257459 4737564 2758498 0 10911086 8652378 10569885 8976028 6344058 5088780 2293125 4044571 8735600 8923062 6257836 5551415 1589694 9346479 8097524 4326777 4081100 9083100 5277480
4906283 12096990 5462199 9652121 6798396 1307285 4344294 7209615 7873779 9893968 9078428 8760381 7879051 4088899 3406533 5232344 1756488 6655451 7973795 2178787 6847656 6640541 8101685 9683698 6069891 11975393 9783676 7552569 4451998 6230030 8249777 10911086 0 6161241 1865904 3048519 5081156 5855121 9504880 7250015 3205800 4069994 4922526 7247591 10127285 3828688 5933274 7271099 7047616 1897193 5634872
7013686 8850614 6641245 9146969 9374240 6133657 2705711 8583703 7786999 6670734 6877103 4842828 8311112 2562770 2776852 3807370 4405725 553453 2613128 6911079 2743103 6298089 9102917 10675040 6195332 8793896 12131043 3299162 8705369 5951845 6159353 8652378 6161241 0 7433777 3174433 6640796 5691707 6437969 4832476 3089263 8125526 6170502 8611611 7208694 8228018 630281 7512620 4988529 4815685 5146114
3948485 11988684 4730730 8881717 5363712 1302250 5142003 6105657 7152962 9922533 8871363 9103573 6994572 5033461 4682775 5524083 3263753 7868934 8830221 962460 7501441 6192967 7018220 8481203 5580466 11853139 8231041 8136031 2735301 5845063 8103034 10569885 1865904 7433777 0 4270628 4300490 5518887 9519147 7349355 4344704 2477425 4316322 6142357 10043881 2138956 7086034 6525635 7073718 2631397 5472625
4784021 9813538 4802060 8454731 7168399 2977617 1573963 6864045 6763450 7531517 7065132 6104320 7048600 1179688 418788 2993678 1351782 3637744 4963949 3826964 3990377 5259986 7605954 9273209 4864980 9712631 10154683 4724373 5852641 4823981 6217656 8976028 3048519 3174433 4270628 0 4610776 4449385 7178528 4978572 242067 5293990 4215135 6899090 7890124 5307177 2891561 6281223 4896834 1694704 4002781
555707 7912523 435323 4614876 2733527 3806152 3990456 2281113 2859916 6067906 4794175 5810121 2798067 4283884 4905631 2995800 4875644 6809872 6661715 3351411 5121011 2032395 3102528 4754452 1440379 7767199 5589121 5466405 3119781 1809368 4138433 6344058 5081156 6640796 4300490 4610776 0 1637767 5668453 3854333 4454102 2672953 473220 2317757 6048843 3063825 6050141 2235911 3495213 3651722 1955599
2193409 6476477 1331505 4017117 4017249 4717839 3323395 2921298 2317506 4501410 3353141 4176424 2685008 3727630 4623940 1887576 5147257 5747926 5238111 4559963 3719138 825078 3416288 5024536 504071 6338742 6493593 3953273 4743047 387639 2607818 5088780 5855121 5691707 5518887 4449385 1637767 0 4097474 2219631 4236721 4267128 1327578 2946152 4550525 4630408 5066692 1885791 1858132 4096904 545644
6211425 2636033 5279565 4042689 7360362 8554066 5613268 5773086 3944228 404971 1223042 1733334 4665027 6044350 7123792 4303454 8325029 6130584 4302077 8578092 3717127 3675019 5584854 6454422 4231633 2534280 8803206 3152943 8782110 3861226 1543959 2293125 9504880 6437969 9519147 7178528 5668453 4097474 0 2258522 6936954 8339053 5420477 5772274 771324 8717123 5912176 4271103 2467937 7613243 4050081
4409043 4879612 3544190 4373572 6092829 6329565 3440980 4732443 3310004 2644159 2147542 1956808 3981904 3886681 4964975 2048567 6080971 4677499 3472932 6428489 2199526 2203074 4908325 6250154 2549245 4768192 8201501 2071120 6935842 2147307 1348427 4044571 7250015 4832476 7349355 4978572 3854333 2219631 2258522 0 4736571 6436447 3503822 4746005 2925761 6773610 4228517 3289028 370946 5356431 1977845
4649247 9572105 4630217 8235814 7043613 3044414 1335353 6694732 6552994 7290456 6824538 5871284 6850907 952754 462906 2754730 1548945 3531478 4779882 3852065 3770825 5043453 7424046 9090070 4659827 9470999 10015891 4502829 5817547 4608706 5977352 8735600 3205800 3089263 4344704 242067 4454102 4236721 6936954 4736571 0 5252473 4048010 6729391 7648124 5285733 2765972 6078777 4655941 1731899 3782065
2143557 10561190 3078930 6840460 2900132 2882753 5463569 3853285 5242475 8739408 7456107 8369384 4916029 5563214 5696300 5113494 4828890 8439197 8813516 1895321 7311031 4698801 4748825 6096084 4113286 10413566 5762982 7793765 581427 4477849 6811331 8923062 4069994 8125526 2477425 5293990 2672953 4267128 8339053 6436447 5252473 0 2943116 3887097 8718029 442604 7630590 4630849 6093467 3694386 4463896
956288 7749180 596961 4729607 3204811 3684589 3529357 2649010 2951713 5823628 4619992 5450637 3002728 3833761 4493470 2528073 4570551 6336863 6209468 3354726 4669054 1884806 3419321 5084979 1270139 7607515 6033894 5035984 3432230 1578637 3914177 6257836 4922526 6170502 4316322 4215135 473220 1327578 5420477 3503822 4048010 2943116 0 2684177 5848514 3302845 5578271 2350276 3154833 3375612 1554776
2348202 7404449 2099537 3058981 1659050 5942840 6100399 38000 1867221 6115328 4612754 6553462 1236132 6449344 7171085 4807802 7187728 8689548 8093137 5278981 6612823 2561832 875908 2453017 2446495 7247994 3549087 6739958 4035856 2764711 4317101 5551415 7247591 8611611 6142357 6899090 2317757 2946152 5772274 4746005 6729391 3887097 2684177 0 5861562 4327846 7992075 1522353 4389056 5954235 3484546
6575461 1969800 5639363 3750514 7494588 9131117 6333381 5867358 3996247 625811 1282769 2464811 4685505 6769947 7850795 4971510 9006408 6897384 5038254 9092219 4488171 4019244 5560311 6240761 4611211 1849501 8675357 3920559 9130458 4270235 1943983 1589694 10127285 7208694 10043881 7890124 6048843 4550525 771324 2925761 7648124 8718029 5848514 5861562 0 9112589 6683427 4415940 3083600 8245480 4578326
2548524 10968666 3479130 7282364 3296047 2714120 5602066 4294204 5677820 9118940 7856446 8693111 5357897 5667797 5717532 5365492 4732865 8564657 9036440 1695906 7551360 5095516 5187843 6518199 4502275 10821925 6095875 8059938 624415 4857975 7196521 9346479 3828688 8228018 2138956 5307177 3063825 4630408 8717123 6773610 5285733 442604 3302845 4327846 9112589 0 7754845 5063907 6437175 3659577 4796192
6437817 8377242 6036881 8525648 8783057 5784119 2172185 7964534 7156966 6163571 6297344 4369886 7681279 2100197 2528473 3185088 4196317 809813 2358421 6506224 2196170 5668093 8475762 10045285 5570573 8313555 11517192 2810684 8211822 5323422 5563460 8097524 5933274 630281 7086034 2891561 6050141 5066692 5912176 4228517 2765972 7630590 5578271 7992075 6683427 7754845 0 6883099 4372920 4454787 4521291
2596924 6079185 1821741 2385029 3091877 6019795 5209185 1518070 627981 4625487 3144133 5042822 803026 5611446 6482480 3742675 6842295 7521090 6712172 5583150 5284803 1221161 1641389 3163113 1422149 5925336 4913373 5330551 4936723 1570156 2796631 4326777 7271099 7512620 6525635 6281223 2235911 1885791 4271103 3289028 6078777 4630849 2350276 1522353 4415940 5063907 6883099 0 2947221 5691167 2413693
4050560 5051722 3178411 4166886 5723287 6086786 3395221 4374721 3003722 2865489 2169526 2321456 3658531 3846134 4914186 1916094 5946002 4869815 3781096 6143357 2438258 1838444 4576003 5952702 2178760 4933102 7860356 2387851 6586658 1776590 1326562 4081100 7047616 4988529 7073718 4896834 3495213 1858132 2467937 370946 4655941 6093467 3154833 4389056 3083600 6437175 4372920 2947221 0 5162489 1649925
3648543 10214185 3962783 8031715 5896771 1330227 2572198 5916826 6260038 8000575 7225160 6876074 6376543 2414046 2113462 3335181 1251280 5240125 6267721 2132463 5034675 4910051 6754248 8402262 4380374 10094792 8931029 5718750 4231446 4482012 6388035 9083100 1897193 4815685 2631397 1694704 3651722 4096904 7613243 5356431 1731899 3694386 3375612 5954235 8245480 3659577 4454787 5691167 5162489 0 3813446
2496020 6535886 1734606 4454174 4491995 4567172 2804669 3458882 2806683 4454420 3455352 3906499 3215916 3219692 4150997 1342396 4790941 5205885 4763288 4528354 3231299 1272230 3961199 5563679 1049290 6404993 7028962 3521068 4973354 853312 2648600 5277480 5634872 5146114 5472625 4002781 1955599 545644 4050081 1977845 3782065 4463896 1554776 3484546 4578326 4796192 4521291 2413693 1649925 3813446 0
