0 504961 210064 335057 439418 452726 489464 148777 797853 311003 479316 239003 525374 535667 780667 398484 252697 559029 751156 354253 725135 361595 606466 599761 699730 577495 168480 325896 128980 325752 528488 668666 482471 618864 353712 165842 129586 436688 554042 739799 761381 625603 518581 577862 388248 52312 274452 705910 28810 754311 787820
0 1193131 811790 127283 447573 37041 937410 1290523 812576 130749 1038052 205454 345338 397575 1741134 759441 367137 963014 1560719 415390 1204997 765529 595688 1260008 1647492 432225 214228 980084 492296 239184 1523117 33943 1539387 281495 575794 518677 1151265 1290320 1732161 118318 33722 103387 341622 1061016 714674 21894 929622 1245438 1219271 820648 257225
0 8075384 6977972 8876633 4528297 3636373 6316946 4300281 3982707 4968219 3039453 1608367 4603921 7683506 3365353 1515959 3691567 5880254 6675504 2851682 9168846 5545799 9687017 7257882 4159387 9215138 6758449 4291589 8695177 4534089 6282457 4654127 4499524 898989 3128624 1798959 4231723 5767291 5856020 4138064 5015889 2939558 3805472 5494665 7467436 5723987 4311450 4498482 7732217 2157388 6305771
8075384 0 5069580 6884243 6651742 8765372 1926116 9350955 4967969 3831089 7571877 6770572 4119387 5326564 4763997 9514588 10918214 2575374 3036851 6734641 7481789 2626304 1616406 6136711 9111552 1256369 5644769 10172896 5189375 5155627 2317338 8413657 3575864 7251780 8169402 7587009 8064402 3731308 6241665 11496457 7665224 9026028 4270914 3278042 8655738 2381069 11267253 10551530 3560013 6121279 2040555
6977972 5069580 0 2275031 2957835 5408591 3739900 5692787 3126268 2734329 4648371 5381824 6101835 715154 4427742 7878277 8125229 3214481 6795399 4268713 2794290 3759595 5962686 1068805 5495793 5314550 651470 6694817 1755662 2455448 5673503 4470033 4444536 6119714 5106885 5484257 4349441 6767184 1719437 8692685 3514471 6105579 4708094 2704550 3654378 4665898 8189412 7065448 1777940 4953531 3535304
8876633 6884243 2275031 0 4433556 6568984 5871603 6613001 5268211 5006530 6163479 7337878 8375583 1680682 6647987 9558512 9310855 5418678 8970196 6040575 598008 5992074 7413919 1622843 6474298 6802033 2186583 7615244 1818638 4526609 7848073 5376769 6719443 8073114 6479124 7217337 5456981 9009050 3037803 9831862 4467698 7417569 6970457 4965746 3149337 6878780 9217571 7941982 3324695 7002348 5668638
4528297 6651742 2957835 4433556 0 2470333 4794433 2855399 2035801 2892172 1746553 3114465 5648446 3558865 3357886 5125197 5167521 4114470 7145814 1686303 4668170 4310419 7974107 2863149 2634466 7346960 2505110 3816482 4684785 1525599 6164802 1771359 4196552 3807360 2154581 2799657 1489973 6703213 1409299 5736308 1077708 3150228 3990047 3388832 3184375 5125510 5250929 4197370 4401022 2988900 4640275
3636373 8765372 5408591 6568984 2470333 0 6843541 737308 3803170 4939986 1241347 3048419 6748075 5967946 4532001 3470933 2756195 6191934 8605837 2132284 6661931 6215755 10205401 5142380 540303 9602737 4902494 1411731 7102386 3693895 7799737 1278399 5704722 3374068 686125 2049323 1113628 7939617 3750386 3303472 2102287 929483 5235574 5512984 4271400 6866243 2782365 1794427 6860304 3421242 6725768
6316946 1926116 3739900 5871603 4794433 6843541 0 7439071 3043017 1924186 5646136 4921900 3065393 4198026 2954248 7705894 9008130 680482 3103231 4809417 6445424 771613 3452791 4780725 7198967 2922026 4203016 8249448 4460709 3276468 1986432 6538223 1908200 5458459 6243729 5688676 6171292 3284156 4569000 9588801 5836992 7102011 2587179 1408955 7090750 1156081 9345839 8627398 2768733 4274011 204765
4300281 9350955 5692787 6613001 2855399 737308 7439071 0 4417785 5520102 1938065 3785281 7471197 6195227 5235024 3961456 2762679 6776089 9307034 2824286 6639695 6839662 10753819 5293688 241072 10139989 5137490 1014750 7325982 4221181 8477531 1252804 6386107 4093096 1417708 2777788 1367784 8657806 3985416 3241537 2212703 1413142 5939695 6079130 4037648 7523901 2604624 1374486 7244144 4153727 7311075
3982707 4967969 3126268 5268211 2035801 3803170 3043017 4417785 0 1180251 2604656 2379490 3652806 3840834 1463826 5111988 6044404 2403624 5116276 1792993 5683877 2422020 6445034 3684284 4176792 5864011 3083198 5206906 4767804 773525 4162456 3626173 2160856 3091023 3201885 2828560 3211492 4672991 2595792 6630789 3107473 4083981 2003951 1770416 5026748 3150013 6335827 5584459 3759578 1861564 2933325
4968219 3831089 2734329 5006530 2892172 4939986 1924186 5520102 1180251 0 3767297 3410708 3395659 3397949 1834050 6202237 7224346 1255990 4426076 2972732 5504929 1431229 5275486 3574884 5280562 4687869 2941448 6350264 4123571 1366612 3366750 4619187 1732981 4069858 4361979 3983728 4247320 4189996 2913867 7810569 3953347 5260861 1985872 590230 5477654 2302974 7513213 6730845 2828017 2811698 1790975
3039453 7571877 4648371 6163479 1746553 1241347 5646136 1938065 2604656 3767297 0 2011836 5540990 5281944 3297575 3407782 3561701 5007313 7370702 891149 6363613 4997508 9042749 4608448 1705422 8452540 4240473 2614638 6396320 2611130 6558396 1698855 4463387 2517664 597678 1242203 1233648 6722354 3154943 4146312 1984143 1532300 4002098 4350860 4431235 5628928 3769725 2987370 5918794 2261781 5537896
1608367 6770572 5381824 7337878 3114465 3048419 4921900 3785281 2379490 3410708 2011836 0 3862928 6090791 2014012 2805715 4282733 4417544 5861738 1454159 7662218 4164443 8357862 5715075 3581147 7843818 5190988 4157093 7090519 2931132 5248799 3704929 3254270 739558 2383212 1060131 3230485 5076646 4353672 4833354 3806094 2742907 2613715 3961442 6223724 4511347 4756536 4467391 6136422 649554 4882422
4603921 4119387 6101835 8375583 5648446 6748075 3065393 7471197 3652806 3395659 5540990 3862928 0 6726968 2317858 6119698 8078524 3153231 2071668 4678145 8890244 2540633 5673938 6970239 7243228 5374316 6336601 7982924 7274674 4362683 1884031 7018989 1663047 3997176 6062235 4912200 6550899 1213826 6170018 8598365 6688157 6591453 1658491 3426686 8669959 1943430 8596630 8310042 5684036 3349355 3199325
7683506 5326564 715154 1680682 3558865 5967946 4198026 6195227 3840834 3397949 5281944 6090791 6726968 0 5127313 8556459 8708257 3738180 7292570 4949574 2247481 4314409 6045626 1053275 6010904 5407974 1065472 7206733 1134724 3168147 6169901 4951622 5081176 6829343 5713015 6164222 4882099 7331584 2220128 9267711 3987277 6705836 5381739 3304032 3689269 5198247 8736778 7569262 1812378 5668039 3994321
3365353 4763997 4427742 6647987 3357886 4532001 2954248 5235024 1463826 1834050 3297575 2014012 2317858 5127313 0 4759190 6254271 2528322 4073867 2411963 7093547 2184742 6360653 5099839 5000508 5865061 4481634 5844171 5935532 2233852 3314122 4707418 1251884 2504887 3854974 2920949 4243671 3451302 4059581 6817754 4379481 4520895 704758 2247353 6459116 2504793 6679156 6194937 4650834 1369147 2940517
1515959 9514588 7878277 9558512 5125197 3470933 7705894 3961456 5111988 6202237 3407782 2805715 6119698 8556459 4759190 0 2448220 7220377 8191183 3609574 9771044 6940413 11117748 7979037 3900028 10623105 7556638 3600232 9630447 5526548 7786223 4700915 5946799 2263608 3217810 2394074 4379440 7278903 6528919 2788759 5316370 2568306 5262196 6762158 7684735 7188778 3126356 3690764 8855300 3442219 7676364
3691567 10918214 8125229 9310855 5167521 2756195 9008130 2762679 6044404 7224346 3561701 4282733 8078524 8708257 6254271 2448220 0 8415679 10119253 4256460 9374858 8293176 12455798 7898452 2858663 11893641 7644106 1886423 9840834 6164420 9530666 3945174 7506147 4091236 3033562 3342237 3867754 9284755 6497443 587465 4845611 2036265 6890204 7814574 6793017 8756444 689038 1736028 9477413 4898308 8928985
5880254 2575374 3214481 5418678 4114470 6191934 680482 6776089 2403624 1255990 5007313 4417544 3153231 3738180 2528322 7220377 8415679 0 3581820 4187793 5976220 613955 4045673 4224281 6536522 3478487 3625522 7600876 4147242 2598378 2461521 5860940 1705041 5001086 5603970 5120850 5498389 3603204 3915735 8999282 5156601 6482368 2304555 728786 6454332 1460109 8731894 7980494 2530814 3778286 534987
6675504 3036851 6795399 8970196 7145814 8605837 3103231 9307034 5116276 4426076 7370702 5861738 2071668 7292570 4073867 8191183 10119253 3581820 0 6482760 9539212 3076304 4295134 7802322 9071435 4203804 7195315 9904404 7541368 5687552 1123216 8702003 2966937 6054735 7927827 6887766 8257483 990784 7338146 10648409 8221572 8547080 3370492 4174287 9902883 2154630 10616939 10247175 5833422 5297807 3304243
2851682 6734641 4268713 6040575 1686303 2132284 4809417 2824286 1792993 2972732 891149 1454159 4678145 4949574 2411963 3609574 4256460 4187793 6482760 0 6318843 4138454 8233086 4429918 2588909 7656080 3966519 3491091 6021222 1973834 5667777 2397747 3572549 2124041 1472187 1215554 1916896 5848908 3009134 4843571 2364116 2294652 3116709 3562546 4769860 4745093 4544637 3858138 5339418 1495557 4712195
9168846 7481789 2794290 598008 4668170 6661931 6445424 6639695 5683877 5504929 6363613 7662218 8890244 2247481 7093547 9771044 9374858 5976220 9539212 6318843 0 6540859 8003642 1999606 6519486 7394467 2611997 7625044 2399206 4926110 8416286 5429837 7229393 8390812 6632804 7467628 5561107 9555177 3314212 9878027 4565905 7539242 7449292 5498138 2933684 7435628 9237930 7935269 3921991 7364516 6241779
5545799 2626304 3759595 5992074 4310419 6215755 771613 6839662 2422020 1431229 4997508 4164443 2540633 4314409 2184742 6940413 8293176 613955 3076304 4138454 6540859 0 4195179 4738875 6598640 3682969 4124910 7611159 4757958 2787724 1976898 6009945 1169389 4689579 5594194 4960720 5616322 3017197 4294385 8870692 5378322 6419277 1828616 1098118 6855747 921805 8652070 7984878 3143778 3515339 790728
9687017 1616406 5962686 7413919 7974107 10205401 3452791 10753819 6445034 5275486 9042749 8357862 5673938 6045626 6360653 11117748 12455798 4045673 4295134 8233086 8003642 4195179 0 6988913 10517482 649584 6592453 11617113 5608686 6532652 3812949 9745370 5188209 8856803 9637364 9141367 9431040 5132531 7367868 13037824 8934247 10527392 5884503 4694527 9616991 3996335 12777486 11999241 4240003 7708373 3526985
7257882 6136711 1068805 1622843 2863149 5142380 4780725 5293688 3684284 3574884 4608448 5715075 6970239 1053275 5099839 7979037 7898452 4224281 7802322 4429918 1999606 4738875 6988913 0 5125617 6343603 633806 6308405 2094019 2927674 6684839 4041027 5307854 6450550 4971760 5618286 4033754 7715987 1453850 8442341 3084427 5941071 5479821 3653869 2658980 5656561 7873863 6659864 2758055 5384886 4576964
4159387 9111552 5495793 6474298 2634466 540303 7198967 241072 4176792 5280562 1705422 3581147 7243228 6010904 5000508 3900028 2858663 6536522 9071435 2588909 6519486 6598640 10517482 5125617 0 9904689 4950026 1199042 7143578 3985117 8238409 1097774 6147599 3914218 1202315 2589286 1153866 8427377 3795501 3360411 2041217 1332563 5705256 5840620 3978862 7283373 2751789 1571969 7029686 3933678 7071506
9215138 1256369 5314550 6802033 7346960 9602737 2922026 10139989 5864011 4687869 8452540 7843818 5374316 5407974 5865061 10623105 11893641 3478487 4203804 7656080 7394467 3682969 649584 6343603 9904689 0 5943348 11014247 5006364 5920026 3567501 9117513 4731576 8369166 9045091 8594988 8810290 4960729 6720953 12477560 8297897 9947840 5429331 4101839 8968661 3591954 12199835 11397156 3599086 7195655 2974476
6758449 5644769 651470 2186583 2505110 4902494 4203016 5137490 3083198 2941448 4240473 5190988 6336601 1065472 4481634 7556638 7644106 3625522 7195315 3966519 2611997 4124910 6592453 633806 4950026 5943348 0 6147210 2200100 2340570 6081327 3898869 4674364 5929854 4656159 5173495 3817723 7090202 1155734 8202668 2935777 5646077 4849303 3034273 3030349 5044986 7671938 6511959 2428478 4826571 4000834
4291589 10172896 6694817 7615244 3816482 1411731 8249448 1014750 5206906 6350264 2614638 4157093 7982924 7206733 5844171 3600232 1886423 7600876 9904404 3491091 7625044 7611159 11617113 6308405 1199042 11014247 6147210 0 8338409 5102357 9143316 2267418 7049281 4296931 2020441 3097640 2349500 9189774 4993410 2297516 3227058 1427972 6540529 6924382 4943478 8235879 1615434 384324 8217078 4633905 8134210
8695177 5189375 1755662 1818638 4684785 7102386 4460709 7325982 4767804 4123571 6396320 7090519 7274674 1134724 5935532 9630447 9840834 4147242 7541368 6021222 2399206 4757958 5608686 2094019 7143578 5006364 2200100 8338409 0 4161188 6439009 6079884 5687704 7823804 6839303 7236453 6016613 7723814 3354782 10401391 5115627 7834281 6088714 3886525 4575223 5565550 9871411 8699428 1711068 6624955 4269309
4534089 5155627 2455448 4526609 1525599 3693895 3276468 4221181 773525 1366612 2611130 2931132 4362683 3168147 2233852 5526548 6164420 2598378 5687552 1973834 4926110 2787724 6532652 2927674 3985117 5920026 2340570 5102357 4161188 0 4672792 3262721 2792972 3667112 3180739 3154121 2910120 5326226 1831052 6750864 2590624 4142867 2736803 1878970 4309366 3621476 6376651 5486304 3365604 2503850 3128695
6282457 2317338 5673503 7848073 6164802 7799737 1986432 8477531 4162456 3366750 6558396 5248799 1884031 6169901 3314122 7786223 9530666 2461521 1123216 5667777 8416286 1976898 3812949 6684839 8238409 3567501 6081327 9143316 6439009 4672792 0 7784318 2095503 5561418 7135719 6222029 7356561 1454667 6264874 10081748 7242364 7834814 2644632 3073027 8828614 1064998 9981585 9499739 4736160 4636997 2185591
4654127 8413657 4470033 5376769 1771359 1278399 6538223 1252804 3626173 4619187 1698855 3704929 7018989 4951622 4707418 4700915 3945174 5860940 8702003 2397747 5429837 6009945 9745370 4041027 1097774 9117513 3898869 2267418 6079884 3262721 7784318 0 5736338 4208156 1538060 2896349 481674 8154674 2753426 4456160 964378 2204268 5398346 5140834 2998414 6775677 3847374 2621172 6072240 3885644 6391338
4499524 3575864 4444536 6719443 4196552 5704722 1908200 6386107 2160856 1732981 4463387 3254270 1663047 5081176 1251884 5946799 7506147 1705041 2966937 3572549 7229393 1169389 5188209 5307854 6147599 4731576 4674364 7049281 5687704 2792972 2095503 5736338 0 3683330 5040249 4171593 5295369 2533307 4556704 8069183 5267713 5753707 697891 1803415 7091402 1257112 7927662 7407369 4173351 2615785 1957023
898989 7251780 6119714 8073114 3807360 3374068 5458459 4093096 3091023 4069858 2517664 739558 3997176 6829343 2504887 2263608 4091236 5001086 6054735 2124041 8390812 4689579 8856803 6450550 3914218 8369166 5929854 4296931 7823804 3667112 5561418 4208156 3683330 0 2763742 1335875 3750577 5197554 5078784 4602293 4422467 2872709 3000744 4599548 6864090 4927613 4640064 4565143 6835230 1258520 5438516
3128624 8169402 5106885 6479124 2154581 686125 6243729 1417708 3201885 4361979 597678 2383212 6062235 5713015 3854974 3217810 3033562 5603970 7927827 1472187 6632804 5594194 9637364 4971760 1202315 9045091 4656159 2020441 6839303 3180739 7135719 1538060 5040249 2763742 0 1427873 1165641 7254797 3531977 3612013 2106378 1000335 4557375 4944125 4475487 6217111 3197082 2391098 6449942 2736340 6134931
1798959 7587009 5484257 7217337 2799657 2049323 5688676 2777788 2828560 3983728 1242203 1060131 4912200 6164222 2920949 2394074 3342237 5120850 6887766 1215554 7467628 4960720 9141367 5618286 2589286 8594988 5173495 3097640 7236453 3154121 6222029 2896349 4171593 1335875 1427873 0 2453785 6124808 4179535 3914159 3217331 1683440 3577826 4567767 5668549 5417405 3760081 3407587 6509726 1592846 5621184
4231723 8064402 4349441 5456981 1489973 1113628 6171292 1367784 3211492 4247320 1233648 3230485 6550899 4882099 4243671 4379440 3867754 5498389 8257483 1916896 5561107 5616322 9431040 4033754 1153866 8810290 3817723 2349500 6016613 2910120 7356561 481674 5295369 3750577 1165641 2453785 0 7693832 2662091 4408587 995240 1980732 4938265 4786401 3309847 6359730 3855020 2725303 5877110 3403973 6031776
5767291 3731308 6767184 9009050 6703213 7939617 3284156 8657806 4672991 4189996 6722354 5076646 1213826 7331584 3451302 7278903 9284755 3603204 990784 5848908 9555177 3017197 5132531 7715987 8427377 4960729 7090202 9189774 7723814 5326226 1454667 8154674 2533307 5197554 7254797 6124808 7693832 0 7076448 9799780 7763714 7802704 2756330 4067784 9621344 2158519 9808174 9519547 6048472 4556123 3464846
5856020 6241665 1719437 3037803 1409299 3750386 4569000 3985416 2595792 2913867 3154943 4353672 6170018 2220128 4059581 6528919 6497443 3915735 7338146 3009134 3314212 4294385 7367868 1453850 3795501 6720953 1155734 4993410 3354782 1831052 6264874 2753426 4556704 5078784 3531977 4179535 2662091 7076448 0 7052689 1795285 4512567 4562680 3218062 2564901 5200319 6516651 5359791 3395896 4094084 4381619
4138064 11496457 8692685 9831862 5736308 3303472 9588801 3241537 6630789 7810569 4146312 4833354 8598365 9267711 6817754 2788759 587465 8999282 10648409 4843571 9878027 8870692 13037824 8442341 3360411 12477560 8202668 2297516 10401391 6750864 10081748 4456160 8069183 4602293 3612013 3914159 4408587 9799780 7052689 0 5375340 2617884 7445521 8400783 7240253 9321794 750751 2070948 10059519 5456715 9511356
5015889 7665224 3514471 4467698 1077708 2102287 5836992 2212703 3107473 3953347 1984143 3806094 6688157 3987277 4379481 5316370 4845611 5156601 8221572 2364116 4565905 5378322 8934247 3084427 2041217 8297897 2935777 3227058 5115627 2590624 7242364 964378 5267713 4422467 2106378 3217331 995240 7763714 1795285 5375340 0 2974460 5032999 4428075 2452182 6201655 4790973 3584415 5148614 3824180 5675671
2939558 9026028 6105579 7417569 3150228 929483 7102011 1413142 4083981 5260861 1532300 2742907 6591453 6705836 4520895 2568306 2036265 6482368 8547080 2294652 7539242 6419277 10527392 5941071 1332563 9947840 5646077 1427972 7834281 4142867 7834814 2204268 5753707 2872709 1000335 1683440 1980732 7802704 4512567 2617884 2974460 0 5203837 5849182 5200308 6973202 2252412 1724612 7441716 3252386 7006704
3805472 4270914 4708094 6970457 3990047 5235574 2587179 5939695 2003951 1985872 4002098 2613715 1658491 5381739 704758 5262196 6890204 2304555 3370492 3116709 7449292 1828616 5884503 5479821 5705256 5429331 4849303 6540529 6088714 2736803 2644632 5398346 697891 3000744 4557375 3577826 4938265 2756330 4562680 7445521 5032999 5203837 0 2234626 7030086 1926880 7337011 6888338 4666146 1993122 2618851
5494665 3278042 2704550 4965746 3388832 5512984 1408955 6079130 1770416 590230 4350860 3961442 3426686 3304032 2247353 6762158 7814574 728786 4174287 3562546 5498138 1098118 4694527 3653869 5840620 4101839 3034273 6924382 3886525 1878970 3073027 5140834 1803415 4599548 4944125 4567767 4786401 4067784 3218062 8400783 4428075 5849182 2234626 0 5771823 2019661 8101594 7305947 2435421 3346575 1251569
7467436 8655738 3654378 3149337 3184375 4271400 7090750 4037648 5026748 5477654 4431235 6223724 8669959 3689269 6459116 7684735 6793017 6454332 9902883 4769860 2933684 6855747 9616991 2658980 3978862 8968661 3030349 4943478 4575223 4309366 8828614 2998414 7091402 6864090 4475487 5668549 3309847 9621344 2564901 7240253 2452182 5200308 7030086 5771823 0 7764428 6548266 5207804 5407958 6165577 6896918
5723987 2381069 4665898 6878780 5125510 6866243 1156081 7523901 3150013 2302974 5628928 4511347 1943430 5198247 2504793 7188778 8756444 1460109 2154630 4745093 7435628 921805 3996335 5656561 7283373 3591954 5044986 8235879 5565550 3621476 1064998 6775677 1257112 4927613 6217111 5417405 6359730 2158519 5200319 9321794 6201655 6973202 1926880 2019661 7764428 0 9166595 8600733 3896808 3871853 1320461
4311450 11267253 8189412 9217571 5250929 2782365 9345839 2604624 6335827 7513213 3769725 4756536 8596630 8736778 6679156 3126356 689038 8731894 10616939 4544637 9237930 8652070 12777486 7873863 2751789 12199835 7671938 1615434 9871411 6376651 9981585 3847374 7927662 4640064 3197082 3760081 3855020 9808174 6516651 750751 4790973 2252412 7337011 8101594 6548266 9166595 0 1346857 9626533 5346564 9254384
4498482 10551530 7065448 7941982 4197370 1794427 8627398 1374486 5584459 6730845 2987370 4467391 8310042 7569262 6194937 3690764 1736028 7980494 10247175 3858138 7935269 7984878 11999241 6659864 1571969 11397156 6511959 384324 8699428 5486304 9499739 2621172 7407369 4565143 2391098 3407587 2725303 9519547 5359791 2070948 3584415 1724612 6888338 7305947 5207804 8600733 1346857 0 8597207 4964233 8513494
7732217 3560013 1777940 3324695 4401022 6860304 2768733 7244144 3759578 2828017 5918794 6136422 5684036 1812378 4650834 8855300 9477413 2530814 5833422 5339418 3921991 3143778 4240003 2758055 7029686 3599086 2428478 8217078 1711068 3365604 4736160 6072240 4173351 6835230 6449942 6509726 5877110 6048472 3395896 10059519 5148614 7441716 4666146 2435421 5407958 3896808 9626533 8597207 0 5583287 2583799
2157388 6121279 4953531 7002348 2988900 3421242 4274011 4153727 1861564 2811698 2261781 649554 3349355 5668039 1369147 3442219 4898308 3778286 5297807 1495557 7364516 3515339 7708373 5384886 3933678 7195655 4826571 4633905 6624955 2503850 4636997 3885644 2615785 1258520 2736340 1592846 3403973 4556123 4094084 5456715 3824180 3252386 1993122 3346575 6165577 3871853 5346564 4964233 5583287 0 4237208
6305771 2040555 3535304 5668638 4640275 6725768 204765 7311075 2933325 1790975 5537896 4882422 3199325 3994321 2940517 7676364 8928985 534987 3304243 4712195 6241779 790728 3526985 4576964 7071506 2974476 4000834 8134210 4269309 3128695 2185591 6391338 1957023 5438516 6134931 5621184 6031776 3464846 4381619 9511356 5675671 7006704 2618851 1251569 6896918 1320461 9254384 8513494 2583799 4237208 0
