0 469860 698394 604604 754530 334367 22044 139842 749660 338706 410851 535251 630656 201302 480612 436463 137314 604370 753673 163019 55356 181523 242360 67971 485523 418936 98072 440220 617159 154136 544736 302119 417068 50283 186331 799258 607345 443837 302966 117443 590502 9125 525552 209135 635839 414589 599339 646530 115638 415508 24500
0 1525120 263441 1233446 790834 585423 86367 847676 1298120 1643554 311223 7128 1387499 309011 694469 472321 1737158 119400 520150 656009 424483 1109107 381373 1303092 1459529 1411818 1406834 1692711 509800 300701 1034854 338241 23728 56773 1423363 1434108 1199786 1418282 659600 1707007 487422 1760790 1069942 1208396 1778578 1586976 1238936 681403 808615 696807 84271
0 3907610 4141211 3002791 5391933 6460411 4726677 4278619 6009675 8255909 8235325 6772810 5868309 2474431 3111498 2385116 988636 7498979 6701274 3861522 3555803 4335390 7353018 7883391 7460798 4875346 1267618 3299420 8399042 7929189 8147043 3007525 4641211 6335049 2161316 8232123 6219478 2221528 6133428 3418913 4830203 3319521 8286417 1941634 4493507 5985405 1378956 965273 4497086 4171804 2303996
3907610 0 3701177 4192904 1712763 2679735 2607210 4636517 2135622 4685591 4542529 2950171 4673135 2785033 4409820 2436886 4752333 5581798 5339427 4949235 3579546 4401135 6307034 4058045 3673439 3767801 5170920 5744453 4784110 6122620 4321107 4339581 4072383 2436740 1832959 6217364 3264929 5549693 2709761 3431505 6059215 3866938 6371502 3988134 5237106 2599879 2636975 4825617 5185381 6221808 1873159
4141211 3701177 0 6441862 5252804 5949800 6181904 1047019 4626553 5539555 5765969 4963743 8123539 5173792 6628228 2021846 5082569 9241085 8871656 1718504 6380046 7302737 9782705 5844219 5378928 845581 5060980 7329606 5741887 9774009 6065261 1753512 7233367 5013113 2978441 9898334 6957003 6361608 6306107 6207956 8480430 1023123 10042377 5642136 1691812 3591889 3134473 4966235 7845849 8121144 2652961
3002791 4192904 6441862 0 4821279 5813951 3096548 6901643 6127035 8837828 8635432 6977628 3242180 1430895 216992 4420047 2851584 5009017 4031405 6671235 1079458 1450350 4505820 8025515 7710602 6971774 3478198 1760022 8916341 5340548 8276059 5804262 1985853 6312404 3524214 5721888 4681621 2479792 5062706 1086637 2041927 5893320 5720854 1079347 7253928 6789072 3346451 3097952 1502407 2037692 3846968
5391933 1712763 5252804 4821279 0 1077881 2102847 6243166 1622283 4346137 4022926 2385033 4050377 3633035 5023174 4149638 6124845 4441420 4513500 6622365 3908291 4487084 5518697 3298330 3068925 5152401 6619074 6548195 4367174 4985642 3531044 6044029 3935355 1635884 3476444 4974766 1844191 6697416 1054879 3814525 6340549 5539936 5163810 4979505 6864091 2932201 4242301 6240969 5377045 6816750 3564154
6460411 2679735 5949800 5813951 1077881 0 2891276 6976439 1559742 3851706 3437124 1995905 4579322 4684784 6008903 5086346 7202334 4558683 4881452 7435955 4848597 5328875 5865769 2616990 2523364 5718117 7693071 7559297 3822117 5077233 2808080 6924307 4714923 1316019 4496326 4964382 1969691 7764088 1025918 4772555 7205082 6363891 5179920 6035309 7613060 3035532 5280586 7316874 6230027 7773521 4552892
4726677 2607210 6181904 3096548 2102847 2891276 0 7018760 3694390 6445644 6125032 4485331 2087938 2357454 3266034 4498920 5173534 3083489 2732686 7161639 2045848 2437649 3702299 5384815 5171159 6349728 5768262 4852439 6469777 3604393 5608542 6411181 1840376 3738565 3525974 3775589 1611870 5365633 2009102 2010582 4314651 6123038 3895388 3611621 7565364 4835767 4027464 5356739 3339006 4945893 3775227
4278619 4636517 1047019 6901643 6243166 6976439 7018760 0 5672201 6492040 6749319 6005864 8883152 5747762 7070682 2604532 5128620 10098619 9658097 841473 6985496 7903228 10535631 6867217 6404062 1659239 4977204 7568544 6699807 10623069 7082853 1359011 7911369 6059265 3623506 10773852 7901326 6440158 7291633 6814605 8909861 1008340 10907019 5999667 644839 4622343 3559145 4968380 8361758 8414953 3318138
6009675 2135622 4626553 6127035 1622283 1559742 3694390 5672201 0 2770352 2513134 850644 5672660 4792833 6339594 4177944 6880393 5964028 6120225 6226169 5328899 6002589 7124341 1932552 1584404 4282559 7277141 7776113 2818342 6499649 2193526 5832805 5499599 390799 3870245 6434618 3326075 7677279 2384906 5210986 7814324 5192723 6639730 6070924 6316764 1476159 4684208 6944177 6871760 8161430 3816698
8255909 4685591 5539555 8837828 4346137 3851706 6445644 6492040 2770352 0 533074 1961106 8358702 7458680 9053077 6044105 9204938 8393264 8722672 7253261 8085506 8772820 9713208 1357216 1328346 4835908 9498509 10429403 219262 8899447 1317111 7176634 8264644 2713488 6114443 8744787 5820302 10161047 4866515 7961906 10577510 6433429 8969961 8668731 7088407 2273290 6877142 9220425 9639773 10875401 5952296
8235325 4542529 5765969 8635432 4022926 3437124 6125032 6749319 2513134 533074 0 1667090 7987753 7282615 8848818 6096969 9165645 7948334 8318532 7484473 7839511 8491362 9301815 859341 954015 5106774 9490757 10264333 405922 8447149 787789 7349758 7957592 2390729 6077968 8278356 5405177 10070949 4460904 7723328 10319155 6616603 8505806 8528674 7360753 2319985 6861627 9195705 9369708 10671494 5941579
6772810 2950171 4963743 6977628 2385033 1995905 4485331 6005864 850644 1961106 1667090 0 6408028 5640947 7190106 4812651 7666483 6547502 6801476 6634495 6172463 6829924 7799352 1112913 734321 4489836 8039493 8624463 1988439 7070111 1376924 6332591 6308482 755270 4616325 6959751 3929478 8499845 2969223 6056779 8652821 5649157 7175787 6911400 6647603 1430267 5423927 7718849 7705251 9011770 4529473
5868309 4673135 8123539 3242180 4050377 4579322 2087938 8883152 5672660 8358702 7987753 6408028 0 3429512 3293209 6291738 5993941 1776353 833300 8916803 2340235 1846631 1659300 7190237 7046028 8366208 6627518 4681456 8357055 2104481 7387113 8107996 1268483 5652853 5274519 2480385 2693239 5712722 3559670 2459102 3328569 7933740 2481656 4199846 9384659 6898933 5576975 6224624 2483077 4374551 5568406
2474431 2785033 5173792 1430895 3633035 4684784 2357454 5747762 4792833 7458680 7282615 5640947 3429512 0 1646555 3172053 2818836 5025545 4261483 5639454 1244664 2156091 4986375 6715457 6375166 5636637 3422233 2983530 7547091 5462825 6971723 4794031 2261191 5011937 2199415 5758496 3943491 3100404 4086057 1077065 3417990 4749592 5816297 1351566 6170705 5371200 2236336 3009230 2683966 3440378 2526674
3111498 4409820 6628228 216992 5023174 6008903 3266034 7070682 6339594 9053077 8848818 7190106 3293209 1646555 0 4607060 2893730 5067180 4065445 6823144 1228669 1466213 4494270 8235535 7922800 7167973 3512514 1587067 9130908 5380758 8485512 5955298 2055220 6522268 3723350 5772800 4839335 2420368 5244216 1257403 1852223 6062704 5762967 1170927 7412153 7006063 3521317 3143523 1387413 1823087 4044753
2385116 2436886 2021846 4420047 4149638 5086346 4498920 2604532 4177944 6044105 6096969 4812651 6291738 3172053 4607060 0 3373534 7579215 7078123 2662720 4397601 5319095 7939307 5882754 5429280 2607045 3533471 5378417 6207336 8091438 6139260 1943053 5307157 4552886 1019970 8274362 5573845 4561424 5129199 4225869 6459138 1642468 8392479 3644749 3093777 3783728 1151618 3322863 5830797 6135458 727796
988636 4752333 5082569 2851584 6124845 7202334 5173534 5128620 6880393 9204938 9165645 7666483 5993941 2818836 2893730 3373534 0 7709394 6813242 4621426 3657741 4290097 7351682 8779335 8367360 5838024 633785 2616455 9342589 8094389 9043350 3803663 4728511 7189023 3091293 8438961 6741342 1312824 6773945 3554689 4386800 4210210 8465977 1802588 5270984 6939890 2344212 252886 4249238 3534405 3264639
7498979 5581798 9241085 5009017 4441420 4558683 3083489 10098619 5964028 8393264 7948334 6547502 1776353 5025545 5067180 7579215 7709394 0 1115352 10241400 4056810 3622499 1630255 7098112 7068934 9348439 8340548 6446607 8345351 546781 7246268 9478861 3024072 5827578 6594263 733299 2637989 7484839 3589045 4154705 4959591 9206368 814093 5932847 10648714 7365233 7029061 7932416 4202428 6084449 6853578
6701274 5339427 8871656 4031405 4513500 4881452 2732686 9658097 6120225 8722672 8318532 6801476 833300 4261483 4065445 7078123 6813242 1115352 0 9716268 3166629 2600777 1005223 7493125 7396548 9076204 7447024 5378754 8701672 1319442 7670483 8915526 2085141 6052967 6065163 1741843 2917255 6483872 3858446 3289409 3845034 8720449 1703671 5014694 10171730 7425243 6394952 7046188 3108518 4980765 6351931
3861522 4949235 1718504 6671235 6622365 7435955 7161639 841473 6226169 7253261 7484473 6634495 8916803 5639454 6823144 2662720 4621426 10241400 9716268 0 6883650 7784604 10550013 7548304 7081476 2453017 4389239 7155381 7457099 10751877 7773613 868196 7868154 6616724 3656268 10937044 8184252 5930255 7651948 6716513 8630242 1083051 11054846 5701491 654948 5291987 3403562 4435713 8161131 8033315 3387853
3555803 3579546 6380046 1079458 3908291 4848597 2045848 6985496 5328899 8085506 7839511 6172463 2340235 1244664 1228669 4397601 3657741 4056810 3166629 6883650 0 922800 3801238 7178444 6896947 6796970 4290670 2814583 8145270 4437026 7420899 6036393 1087619 5471306 3402653 4784000 3610685 3508586 4040765 172101 2498207 5990344 4808241 1876734 7414746 6159728 3480162 3885955 1606767 2925322 3727199
4335390 4401135 7302737 1450350 4487084 5328875 2437649 7903228 6002589 8772820 8491362 6829924 1846631 2156091 1466213 5319095 4290097 3622499 2600777 7784604 922800 0 3061640 7785384 7539638 7713093 4920325 2849772 8816841 3918051 8017190 6931930 709750 6102617 4325453 4318005 3814716 3883102 4422719 1094899 1878423 6905683 4301109 2492965 8324507 6942560 4382580 4532986 901757 2659874 4649950
7353018 6307034 9782705 4505820 5518697 5865769 3702299 10535631 7124341 9713208 9301815 7799352 1659300 4986375 4494270 7939307 7351682 1630255 1005223 10550013 3801238 3061640 0 8470351 8385785 10020585 7981488 5608701 9687868 1455924 8641614 9730821 2728286 7052604 6920244 1928128 3896648 6860046 4846709 3947211 3838202 9579745 1769518 5553766 11029516 8429279 7184029 7594567 3312551 5060765 7218487
7883391 4058045 5844219 8025515 3298330 2616990 5384815 6867217 1932552 1357216 859341 1112913 7190237 6715457 8235535 5882754 8779335 7098112 7493125 7548304 7178444 7785384 8470351 0 468130 5274744 9149550 9696303 1264438 7593630 264016 7315393 7224610 1713324 5725134 7420571 4576180 9606305 3642855 7072038 9634581 6608085 7648519 8002384 7498720 2256694 6530511 8830849 8674101 10052053 5630280
7460798 3673439 5378928 7710602 3068925 2523364 5171159 6404062 1584404 1328346 954015 734321 7046028 6375166 7922800 5429280 8367360 7068934 7396548 7081476 6896947 7539638 8385785 468130 0 4818793 8725125 9358693 1311029 7578181 712399 6847671 7003615 1437465 5300036 7433200 4492079 9221841 3539155 6783499 9371676 6139959 7656339 7642938 7036890 1789521 6101008 8412626 8419821 9743982 5194686
4875346 3767801 845581 6971774 5152401 5718117 6349728 1659239 4282559 4835908 5106774 4489836 8366208 5636637 7167973 2607045 5838024 9348439 9076204 2453017 6796970 7713093 10020585 5274744 4818793 0 5855454 7983764 5045003 9890029 5478745 2594672 7572350 4654314 3450228 9974758 6938470 7094660 6202759 6626193 9012865 1868691 10134260 6247790 2254975 3068869 3757234 5737094 8320398 8740362 3125486
1267618 5170920 5060980 3478198 6619074 7693071 5768262 4977204 7277141 9498509 9490757 8039493 6627518 3422233 3512514 3533471 633785 8340548 7447024 4389239 4290670 4920325 7981488 9149550 8725125 5855454 0 3085274 9646040 8727562 9413096 3622870 5362266 7601232 3425173 9070585 7320512 1642525 7312651 4186072 4938413 4123592 9098783 2435683 5044176 7225505 2629312 413351 4854078 4009513 3550175
3299420 5744453 7329606 1760022 6548195 7559297 4852439 7568544 7776113 10429403 10264333 8624463 4681456 2983530 1587067 5378417 2616455 6446607 5378754 7155381 2814583 2849772 5608701 9696303 9358693 7983764 3085274 0 10523273 6692924 9951460 6306078 3528141 7989099 4679328 7119132 6424727 1500019 6822502 2842286 1986771 6591074 7077231 1808777 7791568 8293931 4226983 2849922 2301639 924307 4968580
8399042 4784110 5741887 8916341 4367174 3822117 6469777 6699807 2818342 219262 405922 1988439 8357055 7547091 9130908 6207336 9342589 8345351 8701672 7457099 8145270 8816841 9687868 1264438 1311029 5045003 9646040 10523273 0 8846260 1186467 7369518 8296289 2731290 6251296 8680790 5791649 10282194 4843227 8024843 10632614 6628043 8907776 8771468 7298511 2427060 7021100 9362663 9689324 10953931 6097040
7929189 6122620 9774009 5340548 4985642 5077233 3604393 10623069 6499649 8899447 8447149 7070111 2104481 5462825 5380758 8091438 8094389 546781 1319442 10751877 4437026 3918051 1455924 7593630 7578181 9890029 8727562 6692924 8846260 0 7734680 9981026 3372922 6355748 7099613 477476 3174299 7800458 4120046 4547261 5094513 9723028 384531 6303361 11167938 7906938 7511363 8322888 4410822 6264745 7364595
8147043 4321107 6065261 8276059 3531044 2808080 5608542 7082853 2193526 1317111 787789 1376924 7387113 6971723 8485512 6139260 9043350 7246268 7670483 7773613 7420899 8017190 8641614 264016 712399 5478745 9413096 9951460 1186467 7734680 0 7554576 7448909 1964202 5988524 7548351 4753716 9868825 3831640 7316412 9870802 6843204 7778329 8261740 7711449 2486591 6793486 9094740 8908088 10300488 5892307
3007525 4339581 1753512 5804262 6044029 6924307 6411181 1359011 5832805 7176634 7349758 6332591 8107996 4794031 5955298 1943053 3803663 9478861 8915526 868196 6036393 6931930 9730821 7315393 6847671 2594672 3622870 6306078 7369518 9981026 7554576 0 7034880 6222051 2885840 10183531 7516363 5116314 7047746 5870573 7762382 751399 10292954 4833678 1486080 5074118 2558756 3631412 7295720 7177215 2645415
4641211 4072383 7233367 1985853 3935355 4714923 1840376 7911369 5499599 8264644 7957592 6308482 1268483 2261191 2055220 5307157 4728511 3024072 2085141 7868154 1087619 709750 2728286 7224610 7003615 7572350 5362266 3528141 8296289 3372922 7448909 7034880 0 5567718 4290391 3740731 3124213 4464493 3776561 1223370 2539823 6932513 3749359 2932015 8373614 6535259 4478240 4961055 1571197 3369621 4604021
6335049 2436740 5013113 6312404 1635884 1316019 3738565 6059265 390799 2713488 2390729 755270 5652853 5011937 6522268 4552886 7189023 5827578 6052967 6616724 5471306 6102617 7052604 1713324 1437465 4654314 7601232 7989099 2731290 6355748 1964202 6222051 5567718 0 4210016 6264335 3197755 7948665 2239605 5362157 7938577 5583445 6475809 6313090 6703967 1764525 5024704 7260887 6984268 8338826 4170937
2161316 1832959 2978441 3524214 3476444 4496326 3525974 3623506 3870245 6114443 6077968 4616325 5274519 2199415 3723350 1019970 3091293 6594263 6065163 3656268 3402653 4325453 6920244 5725134 5300036 3450228 3425173 4679328 6251296 7099613 5988524 2885840 4290391 4210016 0 7297720 4709575 4100001 4374706 3230555 5563822 2659659 7408320 2882035 4110214 3853677 814689 3118219 4880418 5360403 327315
8232123 6217364 9898334 5721888 4974766 4964382 3775589 10773852 6434618 8744787 8278356 6959751 2480385 5758496 5772800 8274362 8438961 733299 1741843 10937044 4784000 4318005 1928128 7420571 7433200 9974758 9070585 7119132 8680790 477476 7548351 10183531 3740731 6264335 7297720 0 3134917 8192806 4050476 4884514 5554831 9894618 238574 6658740 11332426 7868398 7749069 8662976 4849206 6714204 7550773
6219478 3264929 6957003 4681621 1844191 1969691 1611870 7901326 3326075 5820302 5405177 3929478 2693239 3943491 4839335 5573845 6741342 2637989 2917255 8184252 3610685 3814716 3896648 4576180 4492079 6938470 7320512 6424727 5791649 3174299 4753716 7516363 3124213 3197755 4709575 3134917 0 6977229 960260 3596654 5661654 7107722 3329523 5221512 8498555 4738465 5346015 6912582 4695396 6438770 4893104
2221528 5549693 6361608 2479792 6697416 7764088 5365633 6440158 7677279 10161047 10070949 8499845 5712722 3100404 2420368 4561424 1312824 7484839 6483872 5930255 3508586 3883102 6860046 9606305 9221841 7094660 1642525 1500019 10282194 7800458 9868825 5116314 4464493 7948665 4100001 8192806 6977229 0 7185032 3462496 3455383 5513344 8182969 1762208 6581127 7928388 3453255 1497506 3577231 2411249 4329829
6133428 2709761 6306107 5062706 1054879 1025918 2009102 7291633 2384906 4866515 4460904 2969223 3559670 4086057 5244216 5129199 6773945 3589045 3858446 7651948 4040765 4422719 4846709 3642855 3539155 6202759 7312651 6822502 4843227 4120046 3831640 7047746 3776561 2239605 4374706 4050476 960260 7185032 0 3988215 6299944 6568898 4254829 5426784 7909259 3823796 5095040 6917425 5323149 6953442 4502868
3418913 3431505 6207956 1086637 3814525 4772555 2010582 6814605 5210986 7961906 7723328 6056779 2459102 1077065 1257403 4225869 3554689 4154705 3289409 6716513 172101 1094899 3947211 7072038 6783499 6626193 4186072 2842286 8024843 4547261 7316412 5870573 1223370 5362157 3230555 4884514 3596654 3462496 3988215 0 2634093 5820035 4915461 1792060 7245622 6017562 3313348 3778757 1761087 3004594 3555101
4830203 6059215 8480430 2041927 6340549 7205082 4314651 8909861 7814324 10577510 10319155 8652821 3328569 3417990 1852223 6459138 4386800 4959591 3845034 8630242 2498207 1878423 3838202 9634581 9371676 9012865 4938413 1986771 10632614 5094513 9870802 7762382 2539823 7938577 5563822 5554831 5661654 3455383 6299944 2634093 0 7903084 5468997 2928758 9232088 8650618 5369606 4637153 976914 1246150 5887537
3319521 3866938 1023123 5893320 5539936 6363891 6123038 1008340 5192723 6433429 6616603 5649157 7933740 4749592 6062704 1642468 4210210 9206368 8720449 1083051 5990344 6905683 9579745 6608085 6139959 1868691 4123592 6591074 6628043 9723028 6843204 751399 6932513 5583445 2659659 9894618 7107722 5513344 6568898 5820035 7903084 0 10018399 4997078 1451316 4357728 2551337 4069364 7354395 7426056 2368751
8286417 6371502 10042377 5720854 5163810 5179920 3895388 10907019 6639730 8969961 8505806 7175787 2481656 5816297 5762967 8392479 8465977 814093 1703671 11054846 4808241 4301109 1769518 7648519 7656339 10134260 9098783 7077231 8907776 384531 7778329 10292954 3749359 6475809 7408320 238574 3329523 8182969 4254829 4915461 5468997 10018399 0 6677693 11459708 8067110 7840120 8693150 4793915 6644549 7667097
1941634 3988134 5642136 1079347 4979505 6035309 3611621 5999667 6070924 8668731 8528674 6911400 4199846 1351566 1170927 3644749 1802588 5932847 5014694 5701491 1876734 2492965 5553766 8002384 7642938 6247790 2435683 1808777 8771468 6303361 8261740 4833678 2932015 6313090 2882035 6658740 5221512 1762208 5426784 1792060 2928758 4997078 6677693 0 6305359 6503619 2507826 2042023 2558091 2493340 3180242
4493507 5237106 1691812 7253928 6864091 7613060 7565364 644839 6316764 7088407 7360753 6647603 9384659 6170705 7412153 3093777 5270984 10648714 10171730 654948 7414746 8324507 11029516 7498720 7036890 2254975 5044176 7791568 7298511 11167938 7711449 1486080 8373614 6703967 4110214 11332426 8498555 6581127 7909259 7245622 9232088 1451316 11459708 6305359 0 5258818 3945694 5087852 8734864 8663164 3819895
5985405 2599879 3591889 6789072 2932201 3035532 4835767 4622343 1476159 2273290 2319985 1430267 6898933 5371200 7006063 3783728 6939890 7365233 7425243 5291987 6159728 6942560 8429279 2256694 1789521 3068869 7225505 8293931 2427060 7906938 2486591 5074118 6535259 1764525 3853677 7868398 4738465 7928388 3823796 6017562 8650618 4357728 8067110 6503619 5258818 0 4606449 6950400 7758922 8811578 3681409
1378956 2636975 3134473 3346451 4242301 5280586 4027464 3559145 4684208 6877142 6861627 5423927 5576975 2236336 3521317 1151618 2344212 7029061 6394952 3403562 3480162 4382580 7184029 6530511 6101008 3757234 2629312 4226983 7021100 7511363 6793486 2558756 4478240 5024704 814689 7749069 5346015 3453255 5095040 3313348 5369606 2551337 7840120 2507826 3945694 4606449 0 2344026 4803202 4992123 925040
965273 4825617 4966235 3097952 6240969 7316874 5356739 4968380 6944177 9220425 9195705 7718849 6224624 3009230 3143523 3322863 252886 7932416 7046188 4435713 3885955 4532986 7594567 8830849 8412626 5737094 413351 2849922 9362663 8322888 9094740 3631412 4961055 7260887 3118219 8662976 6912582 1497506 6917425 3778757 4637153 4069364 8693150 2042023 5087852 6950400 2344026 0 4501382 3770678 3269033
4497086 5185381 7845849 1502407 5377045 6230027 3339006 8361758 6871760 9639773 9369708 7705251 2483077 2683966 1387413 5830797 4249238 4202428 3108518 8161131 1606767 901757 3312551 8674101 8419821 8320398 4854078 2301639 9689324 4410822 8908088 7295720 1571197 6984268 4880418 4849206 4695396 3577231 5323149 1761087 976914 7354395 4793915 2558091 8734864 7758922 4803202 4501382 0 1891628 5207680
4171804 6221808 8121144 2037692 6816750 7773521 4945893 8414953 8161430 10875401 10671494 9011770 4374551 3440378 1823087 6135458 3534405 6084449 4980765 8033315 2925322 2659874 5060765 10052053 9743982 8740362 4009513 924307 10953931 6264745 10300488 7177215 3369621 8338826 5360403 6714204 6438770 2411249 6953442 3004594 1246150 7426056 6644549 2493340 8663164 8811578 4992123 3770678 1891628 0 5665860
2303996 1873159 2652961 3846968 3564154 4552892 3775227 3318138 3816698 5952296 5941579 4529473 5568406 2526674 4044753 727796 3264639 6853578 6351931 3387853 3727199 4649950 7218487 5630280 5194686 3125486 3550175 4968580 6097040 7364595 5892307 2645415 4604021 4170937 327315 7550773 4893104 4329829 4502868 3555101 5887537 2368751 7667097 3180242 3819895 3681409 925040 3269033 5207680 5665860 0
